7,024466 5,465496
6,524090 4,890929
-0,565771 -1,469810
0,138881 -0,871716
-1,020486 -0,538465
6,030410 4,775182
-1,670157 0,131413
8,015892 6,134305
8,446680 5,411803
8,567890 5,345846
-1,918965 -0,732438
-0,187065 0,290891
8,287028 6,397404
7,795363 4,596112
-0,714981 -0,761424
-0,712698 -0,059056
6,741316 5,346539
0,527237 0,008813
0,455491 -1,073731
7,638968 5,641269
6,466037 5,766305
7,770856 5,413364
-1,503563 0,427022
7,892654 6,756897
0,647877 -0,710445
-0,689699 -0,433354
-0,032016 0,176004
-1,020108 -0,169446
-0,284253 -0,560530
-1,738216 0,332794
-1,422496 -1,144977
6,964368 4,419756
-0,919877 -0,539664
8,499411 5,872862
-1,398879 -0,959437
-0,460755 0,148150
0,357499 -0,936518
0,745917 -0,048284
8,202359 5,654095
-0,652459 -1,362153
7,878183 4,855815
-1,313036 -0,268633
7,938159 5,118281
-1,248366 -1,644123
8,407768 6,025203
-0,316785 -1,131047
-1,152608 -0,395426
-0,377998 -0,653164
7,597272 5,191913
8,689568 5,752909
-1,262851 -0,382076
-0,308513 -0,652186
6,896664 5,709468
0,235716 -0,035762
7,638968 5,641269
-0,753997 -0,167984
7,597272 5,191913
7,627452 5,291921
8,540123 4,532667
6,368900 4,336843
