-0,597467 0,080448
4,438544 -3,927316
-1,735723 0,489365
4,203435 -3,030772
0,318044 0,813274
0,474333 1,135393
-0,202267 0,415096
-0,441748 0,613321
0,537892 1,146831
4,179523 -5,233939
0,251479 0,080448
4,240306 -3,646792
4,518101 -5,204607
4,608048 -5,216960
4,027982 -4,000031
0,464125 0,263185
0,638865 -1,018537
0,319354 -0,034308
4,735914 -5,012563
3,998714 -3,937492
4,719665 -3,765272
4,402236 -5,632164
0,528929 0,195209
-0,908254 0,188400
5,704610 -3,012303
5,207393 -3,782188
5,641888 -4,855680
4,668118 -4,420197
1,017344 -0,493238
0,100887 0,289313
5,209169 -5,068951
4,391254 -3,923327
3,367339 -3,737454
4,703750 -4,833050
-0,658487 0,498737
-1,215201 0,378067
3,198278 -5,391077
0,205309 0,456320
4,389987 -4,751257
5,169525 -4,303166
4,599946 -4,216686
3,515879 -4,674216
-0,553706 0,819498
-0,595339 1,357143
0,592748 -0,478567
3,778786 -3,822727
4,374110 -4,608852
5,700258 -3,620069
-0,607666 0,545398
-0,380875 1,223621
4,714885 -5,106999
5,334785 -4,025349
0,035613 0,947631
4,937466 -4,048837
5,272262 -4,211924
-0,209131 1,013908
-1,531499 1,235395
-0,528975 0,552848
-0,012276 -0,779879
0,085062 0,919318
0,589485 0,559806
5,716776 -4,830629
3,911916 -4,274580
-0,101662 0,272827
4,161704 -5,160582
4,533843 -3,937623
3,840127 -4,237394
-0,941249 -0,876085
0,102835 -0,545186
-1,656519 -0,971423
3,265675 -4,326403
4,556088 -5,205096
-1,233526 -0,299161
4,616454 -5,702343
4,862775 -3,699460
-1,398621 -0,039092
4,574538 -4,298598
5,798028 -5,606955
4,233727 -4,918987
-0,682185 0,428709
4,262446 -3,173032
3,291626 -5,587618
4,549765 -4,061803
-0,523116 0,588201
4,826050 -4,915079
-0,558099 0,394869
4,208152 -5,601491
5,029028 -5,652761
4,304659 -3,764626
5,016154 -5,545841
4,876048 -3,395200
5,678783 -5,600703
4,111185 -4,579862
4,108645 -4,969209
-0,345000 -0,504978
0,482623 0,895750
4,235715 -3,102458
4,409020 -4,227655
0,375464 -0,075724
