3,981700 0,160715
-1,627160 -1,821483
3,917887 0,136608
3,238086 0,313101
5,312107 -0,391120
-2,469227 -1,778936
-3,337180 -2,454542
3,898250 -0,694467
5,211991 0,503502
-3,216447 -3,168778
-1,581734 -1,753401
-2,398912 -4,202104
-2,153046 -3,640042
4,744449 0,772043
5,366280 -1,004553
-3,286321 -1,046812
-4,391973 -3,694259
4,611201 0,788756
-3,154615 -2,016951
4,595888 1,296313
2,859430 0,430677
-2,346433 -2,695471
3,371156 -1,151309
5,786794 -0,673867
2,954811 1,217860
-0,963493 -1,100201
3,957036 0,757490
5,656898 -0,433090
-1,550120 -1,302759
-2,795711 -2,081139
-2,057275 -2,436229
5,138062 -0,241022
-3,549403 -2,022061
-1,979474 -2,946974
3,478916 1,296576
4,489572 1,236672
4,173509 -0,050020
-3,779912 -2,038988
-2,347785 -1,645835
-2,796131 -3,187795
3,621412 -0,127948
5,219101 1,157474
-2,242827 -2,254172
4,276571 -0,329164
3,595969 -0,245520
-2,735877 -3,291954
3,887746 0,196287
