8,624859 7,224216
7,542412 5,109447
-5,410082 -0,168892
11,109563 1,337753
6,991947 6,289859
10,269859 2,782923
9,608342 2,231152
-5,028025 0,629121
9,696397 1,813240
9,934692 1,194150
9,517575 0,360892
10,805575 2,617980
-3,755718 -1,114860
7,916329 5,313270
8,921168 1,145130
7,280861 6,589950
-4,833009 1,096393
-4,924195 -0,185597
9,406170 2,421002
9,770163 0,579985
10,402984 1,655101
10,843609 1,259219
-6,197740 -0,426388
-4,526053 -0,176887
7,999638 1,507224
8,272882 1,781251
8,084827 2,909063
8,170709 7,190180
6,197256 5,910520
-4,967497 -1,691452
-4,089896 -0,612841
-5,009966 0,171519
9,585037 1,178733
-4,431637 -0,202469
7,835902 6,475319
10,300658 1,306890
-4,071172 0,083461
7,327900 6,112783
-5,170552 -0,450693
-4,698880 -0,997054
7,871298 4,808557
9,649444 0,835838
-5,486280 -0,323973
5,748639 6,764683
-4,524687 0,306967
-4,788101 -0,270710
-4,533007 0,975434
7,875337 5,761586
-4,643643 -0,634889
7,397333 6,509746
-4,005547 -0,016189
-6,056184 0,179326
-5,233455 -0,749543
8,674752 0,814218
7,899299 5,061823
8,080853 1,631263
7,376719 8,326435
-4,114453 -0,331867
10,253916 1,179238
-4,752641 -0,876199
8,157761 6,064115
6,637292 7,979799
8,782731 6,649228
9,933240 1,682190
7,115012 6,801976
9,814044 1,529365
7,922710 5,743779
-4,834156 -1,022786
9,100750 0,920505
6,636554 5,708271
9,749850 1,168775
9,130615 0,960742
6,673900 5,403893
10,882566 0,156545
-5,353849 -0,819971
10,831796 1,643133
8,225727 6,762852
-5,438232 -0,790761
7,482872 7,023746
7,121162 5,492219
-5,666082 0,278363
-5,352671 -0,911969
6,668403 6,394539
6,925847 8,160485
-5,558005 0,297416
8,164219 6,736700
8,863956 6,921997
11,603690 0,811416
-5,913233 0,836586
-5,028419 0,359329
6,070083 6,973595
8,841726 6,973703
7,111318 6,525853
7,504813 6,139365
9,634771 1,705947
7,364375 7,399920
-4,965592 0,197455
7,283667 7,093119
6,998571 6,612878
6,682400 4,762825
10,380783 1,337165
-4,205755 0,145466
-4,958403 0,326718
9,851749 1,952958
-5,806255 -1,325666
-5,528570 0,786330
8,082973 8,173563
-3,239799 -1,067084
-6,501898 -0,056890
8,580623 7,454657
6,638525 7,767601
8,911112 0,734507
8,426434 6,688919
6,568751 7,734356
8,027182 6,949900
8,467713 3,014168
-6,133478 0,030696
7,421300 7,296779
11,268437 1,682051
8,592071 5,364865
9,923555 1,259779
9,708033 1,430439
9,779835 1,970015
7,607084 6,405650
-3,681181 0,482238
-3,937863 -0,519131
7,604100 7,200732
-6,248050 -1,434285
-4,868960 0,691418
7,119189 7,110125
-6,105015 -0,422421
9,420665 2,999717
9,703490 1,489565
-4,779541 0,812882
-6,430094 0,242222
8,177951 5,546191
9,300341 7,932641
8,282172 6,973800
9,786965 1,806204
8,564134 1,440151
-6,654235 0,433488
8,582056 2,917830
7,144117 7,586973
10,924043 1,705751
-6,221688 -1,159854
7,512186 7,016162
8,162382 6,589591
10,823394 1,854344
9,889163 1,656029
-5,433956 -1,436485
10,633834 1,365046
8,753981 1,420084
8,554660 2,205316
8,668715 7,246706
7,322298 7,129807
-5,256783 -0,589327
-6,010604 -0,176489
8,725731 1,145214
-3,611487 0,038265
7,153695 6,970406
-6,064109 0,367191
8,630611 6,995948
8,322757 7,935121
9,983632 1,465850
-6,559472 -0,006515
6,929505 6,621986
7,625459 7,391386
9,388494 2,383003
7,536403 6,260814
-5,633044 -0,623031
-5,616746 -0,307745
-4,778852 -0,803241
-5,427603 1,417350
-5,248606 0,131109
-4,448260 1,113420
8,926270 0,890344
10,130937 0,857520
10,010981 1,642786
8,455515 7,191417
7,205988 7,193285
10,119303 2,175612
10,189911 2,496323
8,481618 0,961745
9,132309 0,477564
8,319500 2,887232
11,394416 0,419556
-6,066369 0,406108
6,936491 7,147478
5,903644 6,852383
8,308283 6,543139
-4,160266 1,406806
10,679035 2,354542
8,675854 1,695056
-4,747351 0,116712
5,852829 6,654098
6,424989 7,029882
10,153440 0,463637
8,653103 0,881149
-5,040523 -1,064186
-4,980707 0,713162
6,888548 6,123705
-3,880362 0,097888
-6,664761 1,233447
8,843682 1,175279
9,074732 2,431578
7,243108 7,023817
8,520035 2,322323
-4,329627 -0,988773
-4,076093 -1,369073
10,070853 0,914482
11,154943 1,158255
7,430545 6,382312
7,036665 6,176734
6,991333 7,042484
8,445364 7,544293
-4,672922 -1,040538
7,361452 5,522288
9,917633 1,882359
-6,311282 0,587964
8,234261 0,215925
9,023682 2,044279
6,722954 7,188341
8,234845 6,557106
9,066595 6,146820
6,844225 7,481375
-4,432551 0,617786
-5,041881 -1,252866
7,583247 8,315096
8,488234 1,663336
9,633805 2,856883
10,986869 0,534341
-5,602063 -0,058204
6,640309 6,382097
10,572472 0,990518
8,639869 6,741062
11,600049 1,256902
9,100218 8,230950
-4,328388 -0,350310
9,628406 1,991346
-4,432228 -0,209058
8,869641 5,621111
-4,301733 -0,049570
7,322207 7,133867
7,730365 5,937647
8,122809 1,812175
7,196934 7,082710
6,593960 6,897424
-3,306587 -0,608759
7,098259 4,855069
8,600789 1,248108
9,492666 2,377354
-4,294628 -0,943597
-6,238802 -2,030805
6,891132 7,436468
7,165909 6,941690
-4,523703 0,472505
-4,195717 0,370230
-4,815151 -0,277163
8,654419 1,672725
7,061788 6,000341
9,784435 2,159445
11,672820 2,433942
-4,592827 0,389693
-4,934187 -0,566310
-5,030272 -0,765936
6,864442 6,283367
7,285027 6,739056
10,865876 0,978161
6,664897 6,091877
-3,970334 -1,147026
11,151211 1,692175
-4,563346 -0,856860
-4,054951 -0,132281
8,526093 0,875048
6,791355 6,976606
-4,454405 -0,809492
-4,097941 0,604967
7,468859 6,379730
-5,303076 0,492197
-5,085923 -0,181034
8,848872 3,051741
7,683156 7,730715
8,718241 1,703068
-4,929695 0,332372
-6,054904 -1,369284
10,863086 2,652776
6,144067 6,819151
8,853188 1,937097
-4,258461 -1,806912
8,009507 6,569669
6,848374 7,393527
7,193683 6,611444
6,730958 7,092583
6,528993 6,010804
7,609793 5,943818
8,301317 6,484052
-3,946591 0,196448
-5,960418 -1,044489
11,154486 2,047404
7,815258 5,617949
7,082495 7,818444
9,715208 3,045323
6,192432 6,419701
9,857000 1,786865
9,133695 0,541622
-4,415044 1,109760
-4,046964 -0,937883
-4,435211 -1,549369
7,438257 7,001800
-5,450595 -1,246333
-3,630848 0,518324
9,893882 1,143027
6,188478 6,702554
10,432361 1,625988
-4,589289 -1,160077
10,129173 0,272140
9,386355 5,418579
-4,532496 0,825925
9,536188 2,067424
10,218586 0,519020
10,384786 1,813983
5,883342 7,464739
6,628296 6,871933
-6,693517 0,386718
-6,163226 -0,988307
-6,052370 0,139080
-4,283409 -1,055674
-5,359416 -0,608783
-6,425645 -2,027653
10,330010 0,808008
7,561510 5,199343
9,398438 2,866305
7,690330 7,126983
-4,216934 -1,724447
-4,148759 0,369639
9,527113 2,340632
8,395309 2,180987
9,149251 1,011205
10,044094 1,096854
10,880806 0,462328
8,625538 7,153612
8,554313 6,492488
-4,780462 -0,733099
7,512517 5,402868
8,480356 7,728313
7,657119 6,188350
-5,240884 -0,180878
8,192927 7,608019
-5,088806 -0,930151
8,085179 1,553824
7,012708 6,661494
7,412544 7,309366
8,895959 3,106070
-5,741028 0,000062
10,229199 1,926310
7,352625 7,595308
-4,607220 -0,731348
7,874280 7,290103
10,188608 0,598204
-4,867639 1,268271
-4,887479 0,101364
-5,803371 -1,147633
7,552888 6,399421
9,477702 1,094021
7,627840 5,586570
9,186483 0,680940
-5,355369 0,953560
6,725419 7,273989
-5,034434 -0,243513
11,196163 1,028099
-5,542961 -0,512655
10,992698 0,454413
-5,703462 1,004252
-5,740882 0,633686
10,358623 1,732397
-4,457680 -0,175669
7,880100 6,242627
6,620603 8,153613
-5,202793 0,210585
11,064974 0,612353
-3,513760 1,469870
-4,170062 0,272917
7,487029 6,946479
6,742109 6,324283
7,636450 6,675183
-4,949190 -0,507359
7,400734 5,735266
-4,651269 -1,646699
10,845624 1,284396
8,769671 1,984992
10,992303 1,360026
10,636260 2,438395
-5,653891 0,166464
9,529243 1,019665
9,008679 5,749692
-5,496911 -0,397335
10,293432 1,826030
8,704267 6,648941
8,579398 5,066098
9,222889 1,581654
7,215141 5,584891
-5,664139 0,047295
10,547932 1,871854
-4,785309 1,180761
10,078085 1,804311
9,590402 2,019104
6,381995 7,266323
8,982434 1,962923
10,993673 3,073928
11,183967 2,505254
8,591184 5,962966
7,548340 6,753136
5,806807 7,722704
9,487927 1,838690
-5,417377 -0,921430
-5,640459 -0,100376
-4,721343 -0,508101
8,575266 4,811229
7,753915 5,686951
6,611492 6,787100
-6,734206 0,658374
9,777073 1,639136
7,323549 5,739955
7,776865 7,335386
8,548462 5,414615
-5,550756 -0,535633
9,523952 2,349750
7,407096 6,344135
8,543668 6,351563
-4,259371 1,111049
9,623882 1,535693
-5,053553 -0,825059
7,823528 6,110040
9,238759 1,829160
-4,526991 -1,342361
8,892181 2,127514
7,990785 6,644515
7,862540 6,768994
9,008620 8,317601
7,344578 6,312670
-5,742477 1,000979
6,615334 5,984748
8,355733 5,119169
-3,703119 -0,097834
10,058524 1,492066
10,847196 2,177740
8,878710 -0,069499
10,890651 0,224077
-3,840434 -1,742798
9,202534 2,670138
-4,506264 0,015040
9,339450 2,065254
7,993675 3,322061
9,252905 2,640180
7,203143 8,101209
-6,249889 -0,788754
-6,072523 -0,484475
6,039877 7,317217
6,300085 6,097681
7,472081 5,541298
6,361455 6,676777
-4,900605 0,860326
-5,181985 -1,714635
9,556635 0,076630
10,430568 0,119211
-3,778927 0,704254
8,019322 8,129085
10,270660 0,428733
-5,272221 -1,037615
10,449959 0,862763
-4,552757 -0,056939
-6,210414 -0,127955
8,828246 1,259625
7,945025 6,945268
8,477638 7,531432
6,873604 5,805571
9,757720 2,263539
8,191283 6,596792
-4,292979 -0,618485
6,254773 6,993392
-3,121054 0,988732
-4,554166 -0,225233
6,177526 6,274561
-4,384433 -0,380281
10,801321 1,802477
6,678492 6,873845
-4,942413 -1,112703
8,851393 1,518315
7,204578 6,319417
10,165411 0,056428
-6,757927 0,081430
10,588402 1,581795
10,537761 1,542002
-5,043028 1,145864
-5,481821 0,218989
8,676819 6,027995
7,051512 4,805731
11,120962 2,427111
-5,325919 1,423236
-5,151905 0,352364
8,328024 7,794985
-5,730592 0,288146
7,764406 7,134295
-5,001636 0,362796
7,012769 7,728823
-5,109409 0,914374
7,618720 7,088994
-4,670491 0,739061
10,256373 1,198774
8,936626 1,501312
-5,520072 -0,950109
7,059708 5,926139
-4,054434 -1,400105
9,884989 1,721051
7,502915 7,078085
10,955163 2,166091
10,545495 1,944285
7,790845 7,354486
7,377555 6,833148
8,488965 7,131455
7,480609 6,236309
11,074298 1,306107
8,762380 3,268066
7,377963 6,592167
-3,008649 -0,769505
7,677337 6,382640
-4,839013 0,306387
9,697462 1,649483
-4,540580 -0,646408
-5,665744 1,035079
7,984492 1,505782
11,006917 2,756417
8,758259 6,398143
-4,157809 -0,292022
7,770529 8,087437
-3,830633 -0,144056
-5,310807 0,379832
9,564186 1,164761
-5,704327 1,081437
7,052285 5,865897
7,326400 5,830055
-5,312182 -1,160219
7,521977 7,059339
8,739401 1,747264
8,533826 0,260733
11,224080 0,547998
-4,901275 -0,469767
-5,691059 0,082733
10,544701 2,850275
8,779644 1,642482
-4,636289 -0,309491
-6,160826 -0,336560
9,012548 0,727405
6,747376 6,545006
-4,373267 0,040318
-4,000264 -1,402775
6,913297 5,503374
7,307641 5,766040
7,221596 5,659655
8,328568 6,093435
11,695429 1,583413
10,908509 1,675337
8,116917 7,112695
-5,351381 0,372602
11,705317 1,596788
-4,781318 -1,048872
6,410427 7,372120
7,242559 8,113424
-3,720896 0,114071
-5,709088 0,594367
8,009166 6,260428
8,542421 6,521460
7,743305 6,989194
-3,444141 -1,432724
8,747965 0,819665
10,484300 2,726793
-4,378855 -0,465213
-5,555017 0,100723
-6,157658 -0,361547
10,172159 1,085563
9,387271 2,576391
-4,607490 -1,536187
-4,647435 1,087746
11,150361 1,250748
8,597540 1,518238
-4,329889 0,044183
-6,000150 -0,849987
-4,809285 -1,189277
8,588860 6,606222
-6,147109 -0,679597
6,356433 5,726351
-5,338119 0,146754
7,620295 6,375242
-4,771990 0,411893
9,295515 2,902818
-3,638897 -0,773261
8,779785 7,906951
10,074550 0,464399
9,387050 1,908544
-3,426027 -1,520236
6,614887 5,689692
-3,678055 -0,819543
10,603235 1,923816
-6,023571 -1,767018
-3,632835 -0,206598
6,204797 6,875949
-4,310049 0,822812
8,938996 0,495743
7,846238 6,049773
8,669389 2,598737
7,549495 6,238369
10,740107 2,083490
-4,572005 -0,042554
8,804423 5,091633
-5,750998 -0,838073
-6,698154 -0,476110
10,624369 2,791233
7,937740 7,188030
-4,886505 -0,523870
8,182671 5,785357
-5,410580 -1,764703
7,886148 6,471924
10,968604 1,715551
7,441530 6,211071
-5,311455 -1,029496
-6,021037 -1,269685
-4,762755 -0,528228
-4,981871 0,633781
-5,098814 0,145869
10,279805 1,953207
7,843495 5,519785
-6,129714 -1,107825
-5,995356 -1,149906
-3,797662 -0,291524
10,428982 1,579438
8,043670 5,705048
9,566714 1,958400
8,840401 0,682260
8,069526 4,976546
8,071039 5,406452
-3,981765 -1,246468
10,056938 0,304510
9,209666 3,052900
-5,485441 0,540678
6,953082 6,932053
-4,981821 -0,093990
7,591346 7,615529
10,973968 0,702440
-4,871219 -0,383258
10,165437 1,227843
8,069686 6,636219
7,132830 6,964458
10,239064 1,969538
-4,145684 0,842883
-5,825028 -0,082667
7,985956 7,456974
7,907648 5,304599
8,956750 0,343147
10,935771 2,491176
-5,079564 -1,487873
8,744900 1,045541
9,116887 3,083488
-4,673882 0,213377
7,412782 6,355255
7,835497 6,711990
9,203832 1,644137
10,185468 2,603357
8,707044 0,669532
11,297482 1,699890
8,317318 6,103421
9,494457 1,237850
10,772439 2,163275
10,089559 0,846499
9,586961 0,825798
8,934814 1,824822
-4,610481 -0,163785
-5,238017 -1,754294
9,970362 2,858296
6,583107 7,169711
10,858115 0,804033
-4,701850 1,110713
-3,803569 -0,138134
9,852448 0,603908
8,946340 8,364198
9,188320 1,956789
7,808406 7,137451
9,402833 1,105642
7,621918 8,029126
-4,793851 0,337296
8,636246 2,550737
-6,635646 -0,693271
6,832640 5,275053
-3,937858 -1,581600
9,649386 1,406684
7,025574 6,387155
7,475526 6,654045
-4,522576 0,026756
-4,209056 -1,199411
11,254369 1,840527
9,560483 2,243312
-6,151956 0,493876
10,933702 0,263246
9,825453 1,539138
8,047531 6,434404
7,761284 6,778962
8,013054 5,365085
-4,483605 -0,511121
6,252505 5,887213
7,870737 7,205552
9,706321 2,026920
8,439460 2,898687
7,352993 7,490829
-4,272424 0,150469
9,924852 0,475378
-4,103292 -0,386948
7,885814 2,607880
-3,909833 -1,305111
8,027991 4,666960
6,663658 6,668021
9,633634 2,142096
8,080578 6,165335
6,683068 7,773935
8,563493 2,100642
7,852374 8,314643
11,279607 0,301475
9,453816 2,329973
-5,155796 -0,040854
-5,034544 -0,652280
8,369018 7,313761
8,403104 7,565986
9,079372 7,009346
7,901553 6,208895
7,162788 7,156342
6,014803 5,117666
10,309662 2,579029
8,906632 0,673650
-4,246559 0,770473
8,716988 6,538586
6,673727 5,613328
-4,978340 -1,645293
-5,756875 0,345761
-5,580362 0,834584
8,879269 6,435623
7,848551 6,870418
7,005535 8,156118
-3,796415 -0,259863
10,040212 2,455878
-4,063594 -0,025029
10,638504 1,890034
8,572704 0,959873
10,527698 2,457585
9,645802 1,437099
7,439545 7,197863
7,876237 7,090146
-4,596486 -0,541658
-5,282705 -1,279501
7,720875 8,410973
11,711633 2,506311
-4,814049 -0,224137
8,361936 5,991261
10,427895 0,611701
-5,265875 0,077694
-4,500659 -0,522547
10,454099 1,522674
-5,667926 -1,819591
9,754733 2,019618
9,438940 2,202085
-5,737483 -0,931601
11,529565 0,494072
-4,758913 0,219739
7,600363 4,717698
11,582354 1,654710
9,579509 1,638586
7,777884 6,630048
7,576164 5,537625
-5,631914 -0,227642
7,802388 5,725607
7,304500 4,969145
7,222593 8,058185
6,331762 5,216199
9,759122 1,522618
8,941121 1,971223
10,232859 1,547415
-6,154954 -1,031697
7,031853 7,957064
9,120173 6,852860
10,086077 1,944074
-4,298298 0,796175
-6,598663 -0,090790
7,466181 6,398038
8,238643 2,077188
6,285319 5,763917
8,227004 7,988328
-4,596427 0,089920
8,236575 7,025801
10,129613 1,480867
10,337248 1,512334
8,798909 8,437674
-6,089389 -0,222734
-3,818503 -0,563353
9,529213 0,738317
7,419560 6,586374
10,348723 2,124832
9,425765 2,766332
7,614773 5,999952
-4,627826 0,711216
7,707101 5,918911
-4,735528 1,285551
-4,972235 -0,059361
9,642825 1,172731
-4,797308 -1,835931
-5,365663 -0,233969
7,313934 7,327716
9,062066 2,628153
-3,727844 -0,245340
-5,949954 -0,104686
-5,448680 0,143814
7,793896 6,303885
8,297056 5,936821
-4,397830 -0,272158
10,043985 2,285006
8,936384 1,546875
9,640969 0,812753
8,730378 2,163514
7,148197 6,579987
-3,035140 -1,527151
7,323937 7,198859
10,989254 1,361543
8,785709 1,464505
10,475333 3,328137
-5,464737 -1,100952
10,177911 3,446512
-4,009188 0,640339
8,535530 7,381199
7,646158 7,191586
8,955517 2,828288
7,307086 7,699082
8,303662 1,584275
-6,198670 0,519285
8,042487 6,929353
9,070653 5,080429
7,504206 6,682076
5,991878 6,334839
-6,336520 -1,369230
10,961424 0,953585
7,497324 6,791876
9,602860 0,722421
7,515027 7,511036
-5,304495 -0,936835
9,112304 6,377761
-4,071316 -0,197481
8,775183 0,927677
-6,045154 -0,478749
9,505630 -0,067163
10,449186 1,827059
9,196455 0,310150
-4,875225 -0,895524
9,687757 2,988604
9,575522 2,877882
-4,362960 -0,743128
8,649296 5,740621
9,536120 1,046808
10,566589 1,097213
7,979953 1,581685
10,242095 2,503999
8,207679 6,792714
9,982253 0,782953
9,230833 3,162290
-5,634459 0,774919
5,756079 6,677156
9,386543 1,327204
6,073849 7,636479
10,377039 0,595452
-5,421996 0,345752
7,104227 6,081737
8,672551 5,940094
-6,316867 0,037527
9,792621 0,554285
9,192730 2,852322
-4,663721 -1,372298
-4,579063 -1,438877
9,440668 1,722235
-5,254720 -0,222099
7,622435 5,235586
8,853207 1,401573
7,296605 6,973628
10,116236 2,233846
8,685672 2,344777
6,900284 6,724014
-5,823865 -0,856871
8,924348 3,358493
-4,275818 1,377788
8,912239 0,919302
-5,208546 -1,621281
-5,673047 -1,944831
6,329937 6,269663
-4,940906 -0,940420
-5,423436 1,541580
7,855772 5,598435
7,339858 6,468318
-5,386044 -0,184286
9,482798 2,680178
10,919614 1,488744
7,800560 7,040058
-3,538297 -0,096656
6,908036 7,761040
10,468467 2,770102
7,577047 6,841989
10,708904 2,707003
7,652679 7,567298
7,825950 7,046280
8,030449 4,925209
9,942547 2,341459
7,368648 6,759602
-4,203771 0,832216
10,471262 2,309373
8,316884 2,153007
-6,402803 -0,519299
9,962918 2,234220
9,088363 0,983787
7,363388 6,084258
7,052646 5,991890
-3,953571 -0,884552
10,383388 0,968712
7,017493 5,611488
8,789803 0,824055
6,839801 5,881856
8,228869 5,819005
6,403603 8,055003
11,099916 2,052625
-5,713823 0,454490
11,152031 1,217188
10,211829 1,402880
9,576495 2,004138
7,123616 5,720569
10,708304 2,200427
-4,704313 0,500818
5,670605 7,829099
-5,635214 -1,505016
-4,286512 -0,038730
-3,761385 -1,423493
6,169587 5,118661
-4,268777 -0,179813
-4,494396 -0,546221
7,531751 7,583131
7,558386 6,619119
6,187998 4,940690
9,462479 1,606921
-4,477461 -0,130856
9,125581 7,535416
10,885027 1,345119
-5,373037 -1,077004
7,983753 6,982626
11,591013 1,808862
10,429587 2,082102
-6,173826 -0,372415
-4,110295 0,524366
8,180311 5,767341
8,240765 7,697829
-5,538990 0,278053
8,415046 1,721037
7,550193 5,811779
9,488661 2,181709
7,206137 6,211181
6,087601 5,710542
9,440878 6,350389
9,806877 0,870932
10,430970 2,419062
10,319170 1,983914
8,975383 2,629533
6,370767 6,051266
10,913947 1,852068
9,307194 2,159355
7,346536 6,021676
8,192530 5,480118
9,543620 0,335711
9,821773 2,475630
8,147262 8,092339
7,819008 6,561977
7,362256 7,060331
10,585550 2,157443
-3,818866 -0,828013
-4,617710 0,082889
-5,343867 -1,369089
-5,074919 0,239247
10,915465 1,799387
7,267158 8,255344
-4,002699 -0,571269
7,058357 6,881636
10,789101 1,720360
9,317373 1,432263
-5,762070 -0,862691
-5,246280 -0,435807
10,171163 1,964943
-3,342977 -1,488769
10,513130 2,726523
-4,535735 -0,545904
7,725812 6,489396
7,961869 8,387271
7,172882 7,191878
8,865454 2,135879
-5,074283 -1,309650
-5,697010 0,005030
7,757641 6,550115
6,683922 5,665094
8,468361 7,399534
9,415447 3,448728
9,204675 2,674290
10,287350 1,564819
-5,526835 -1,426640
8,165521 6,305172
9,027668 1,019996
7,352248 6,404258
6,314666 7,652246
-3,682593 0,183759
7,927333 5,308147
7,388903 5,936391
9,832124 1,782842
-4,304711 -0,011486
-5,396533 -1,856389
7,206283 5,236514
8,401959 7,571889
-4,180011 0,136803
10,024812 1,962806
-4,817801 -0,080693
9,360415 2,532127
10,489285 2,532464
7,229498 5,687693
10,333770 2,100219
7,902179 7,659674
-4,458802 0,506758
-4,848438 -1,070728
9,339987 1,220312
7,840528 6,071292
-5,778646 0,009204
9,764068 2,963894
7,872811 6,559536
6,165859 7,397827
9,860870 2,904552
9,459849 1,826250
-4,437252 -0,325888
-6,412736 0,796687
6,445746 6,432698
8,623724 6,485111
8,621532 6,510271
8,236146 2,305423
9,114342 1,144487
7,754694 7,098199
8,192438 8,100854
8,551789 7,142005
7,623154 6,229329
-3,134913 -0,323745
9,988829 1,158852
-5,511253 0,263160
8,809947 7,733126
8,625697 8,283240
9,244212 6,970239
7,735172 6,113116
7,307803 6,916014
10,764947 1,125997
6,539700 6,914872
8,453603 0,124856
8,429443 6,947097
10,209545 0,571253
8,928724 7,546268
7,219584 7,254114
11,109385 1,872284
7,304743 5,778111
6,941177 5,828092
9,553897 1,878886
9,315440 2,816478
10,098115 1,050690
-6,340104 -0,337643
6,891922 6,632527
8,809749 7,102669
6,580966 7,166869
11,240000 2,488600
10,192250 2,061422
8,821638 1,736637
-3,163421 0,648658
8,121358 6,784772
-6,100833 0,883384
7,988929 7,174318
7,513632 7,362898
8,592231 0,704476
-3,749002 -1,732346
6,169314 7,273416
7,979497 5,762100
-6,348157 0,538556
-5,152182 -0,107353
9,614799 2,210628
7,211818 5,516651
8,331057 6,080393
-5,782406 -0,368701
-4,892471 -0,678043
8,907095 1,211196
-3,773626 0,606645
7,070521 7,893709
-5,198622 -0,425660
-4,934138 0,535293
7,922273 4,913819
10,095862 2,352782
9,248078 1,733274
7,555385 7,336051
7,583980 6,463781
7,952053 6,213623
-6,048415 -0,102862
9,988617 2,174440
9,605039 2,683301
8,062830 7,477564
-4,325948 -0,023272
-3,942778 -1,372903
-6,704741 -0,550840
-4,213872 -1,163345
8,930768 6,310589
7,384683 6,409875
-5,104532 -0,234402
10,407896 2,303312
6,564464 6,349459
7,113899 6,087428
7,306621 6,414186
10,956483 0,805645
9,557038 1,726172
11,522225 1,725004
8,312932 6,713993
6,363557 7,406991
10,683847 1,859226
10,802422 1,887889
10,676083 1,031499
-6,323634 -0,915495
-5,536514 -0,377705
6,775960 7,276857
-6,204537 -1,280031
8,341600 7,970997
9,873535 1,677101
8,773694 5,673435
-5,381967 1,446144
10,127997 1,898015
9,067308 0,794957
10,717698 2,013180
9,006657 1,544708
8,412749 2,105321
8,420313 6,320061
-6,230115 1,061843
9,161650 1,999230
7,663025 5,465572
9,062564 6,390155
-4,630509 -0,369254
6,708305 7,146699
10,957440 2,256899
7,476729 6,021049
-4,826077 1,491939
8,215532 6,648258
-5,185884 -0,632241
-4,638630 -0,079687
9,501347 1,387309
11,444261 1,970591
-3,771584 -0,002960
-4,058963 -1,216357
9,224410 -0,105074
6,847741 7,392513
8,004256 1,835812
-4,453188 1,328855
8,165360 5,432369
-5,054398 -0,574110
9,826696 2,991500
7,009266 6,516238
8,514945 5,803231
7,470939 7,053916
7,080909 6,008779
8,744061 1,584382
9,732338 1,710410
-5,874675 0,847993
9,966298 2,603276
7,709783 7,302063
8,039394 7,009754
-4,358415 0,601487
7,899143 5,708607
6,082705 7,079450
6,565868 6,260103
-4,258529 -0,425147
-4,660793 -1,236255
7,508419 6,480907
7,802207 7,587485
7,097474 5,506831
10,138079 2,703608
-5,010448 0,945337
-5,667217 -0,287498
10,114716 1,555706
-3,839601 -0,292720
7,511558 6,954556
9,376446 1,907814
7,683272 7,197003
8,765529 6,133239
10,239157 1,252443
8,383365 7,743584
-5,337745 0,304353
10,295679 3,121145
-5,233809 -0,271083
-5,270551 1,275453
8,642108 0,576038
-4,727520 0,642095
-5,359123 0,308644
-5,576620 -0,101566
10,218867 1,942738
-5,116602 -0,588134
9,747350 1,784010
8,935413 8,397826
-5,942531 -0,482133
-3,558904 -0,503428
6,697428 7,508656
6,637171 7,965375
-4,562538 -0,102924
10,626185 3,574693
6,622236 6,199189
9,656623 1,170172
-4,650526 -0,962209
-4,938358 0,560615
-4,088659 -0,129118
-4,630400 -1,065856
-3,520338 -0,630210
-6,202719 -0,095977
8,054565 6,045364
9,220526 2,249690
11,257518 1,958897
9,600184 2,152018
7,594333 7,891751
-6,070947 -0,310005
9,664661 1,770489
-5,416955 -0,228393
-4,945530 0,583506
-4,455964 0,217423
-4,453126 -1,279284
-5,304434 0,183849
-5,076612 -1,782498
11,347212 2,686723
-6,051039 -1,598650
7,213457 5,924435
9,845887 3,110974
9,421174 0,543820
7,345513 4,993313
-4,528837 -0,679511
-4,287132 0,940356
7,063291 7,854358
10,621829 0,989279
8,503017 5,558489
5,981800 6,593004
9,947709 1,462703
9,529487 1,750199
8,773687 6,884166
7,224172 8,402120
9,949552 2,290709
10,514644 2,484828
9,860033 1,637583
7,552351 5,918528
9,779463 2,117830
9,433519 3,506943
8,260176 2,031995
-5,981406 -0,268713
8,933653 2,471794
7,228985 7,550340
-4,035550 -1,172772
-4,423991 -0,670674
7,883454 5,143504
6,918738 5,262957
9,795008 0,855515
9,996350 3,198262
10,643843 3,318862
7,323215 6,304610
6,654911 7,031342
-5,228580 0,771072
8,272350 5,968378
8,550681 5,312819
7,349442 6,878863
-6,511816 -0,705189
6,822881 6,679336
-5,174406 -1,034676
7,870487 6,323229
8,293620 2,466603
-4,873395 0,204313
-6,769358 0,549177
8,523155 2,747343
8,236184 7,676365
-3,932636 -0,482968
9,672236 0,570481
5,827196 6,317435
-5,055650 -0,211273
7,206026 5,833477
9,186894 0,909009
-4,752644 0,366904
7,498889 6,173477
-4,855730 -0,638362
8,585898 6,579675
8,100981 6,613503
-6,167771 0,147549
9,353325 2,101484
-4,823668 1,096713
7,244107 7,597523
-4,798544 0,816125
7,808966 7,557616
7,126121 5,452862
-6,092324 0,494071
6,678568 7,033026
10,941886 2,737367
7,962950 5,690194
8,818733 3,324925
-5,359272 0,018092
7,186596 5,108977
8,392212 1,931753
-4,520133 0,449362
-5,323246 -0,532952
-4,666411 0,891983
7,037711 5,646900
10,842410 1,664277
-6,222620 -1,198362
9,447463 1,794732
8,506757 5,400112
-3,712826 -0,682115
-4,207391 -0,639650
10,400170 0,359557
11,065436 1,852636
8,381008 7,957725
9,076657 0,516006
10,215387 1,745441
-4,780158 -0,490568
-4,244571 -1,982662
8,528819 6,586981
7,858636 5,742343
10,793919 0,624146
10,128179 1,888972
-5,640782 0,460016
-3,839675 0,450674
8,289820 0,100618
8,737794 5,728092
7,979361 5,484164
9,637499 0,767891
-5,396462 -1,686986
9,749211 1,976202
7,443222 8,212214
-3,131680 -0,026615
6,404972 6,946430
-5,650565 -0,836521
8,150569 7,241894
11,232749 0,807102
-4,716711 -1,009558
6,639713 5,346738
8,719393 1,144850
6,311326 6,930469
8,506475 1,686565
9,690244 1,577306
-5,242502 0,697181
-5,141300 -0,171870
7,336744 7,058264
8,108961 6,930450
7,060549 7,534993
5,932308 5,010723
8,083823 5,893742
7,420872 6,817430
8,753954 1,522870
-3,552598 -0,132636
-5,857736 -0,479057
7,452631 7,130608
9,092238 7,439326
7,873231 7,812139
-3,891437 1,070054
-4,942763 -0,279937
-4,613514 0,171576
8,024744 5,791137
-3,985889 -0,167131
-4,161128 0,135630
7,181213 6,400006
10,504269 2,769138
-5,142530 0,017658
7,910042 6,109986
6,491338 5,536925
10,583082 1,489417
9,136369 1,607000
-5,118897 -0,019267
-4,394511 0,989432
5,966094 6,078259
10,699399 2,680247
10,373525 2,011775
9,902333 2,062049
7,610770 7,006381
7,351280 7,576468
8,695050 0,719958
-5,164426 -1,790973
9,980608 1,876386
9,095578 1,462961
6,531865 7,599467
7,164691 6,188878
-4,488347 -0,772965
8,203217 6,253243
10,748796 1,353278
7,739486 8,273240
9,577717 1,059784
9,155853 1,895189
11,414636 1,454056
8,058262 7,442755
-4,774693 -0,669122
8,504278 2,590018
-4,672249 1,007171
10,287705 0,923159
-4,948662 -0,914412
8,307110 7,020281
7,355037 7,018476
6,647241 5,475716
-3,597918 0,470644
-4,283482 -1,293974
10,901893 2,286576
7,498531 6,319343
10,154536 2,371570
10,610937 1,864730
9,756094 1,710906
-4,385000 -0,469719
8,470484 0,652905
-5,638088 -0,417594
8,565322 7,618054
-5,441061 1,247935
6,404438 6,829015
-5,823830 -0,265866
-5,063671 -0,516204
9,332922 2,598692
9,474812 6,310517
-6,122862 1,263895
9,096761 3,004790
-4,790719 0,614030
9,195524 7,093979
-4,396244 0,426922
7,230807 7,455677
6,948933 7,024438
8,104266 1,758444
7,009935 7,534271
8,932901 6,564709
10,313379 1,922060
9,802383 2,053459
-5,405555 -0,439809
9,315040 1,962979
-5,409749 -0,614058
-5,851986 0,584695
7,687524 7,792304
-4,190851 -1,323822
9,853788 0,719329
6,320344 5,374187
-6,077928 -1,812111
7,417917 8,362594
-4,470109 0,333041
10,644260 1,745793
8,822142 1,096477
6,873718 6,915656
-5,949337 -0,310543
8,408932 7,322909
-5,847789 -0,050090
8,992396 1,413824
10,322239 1,421903
10,375990 2,005910
11,107118 0,074919
7,831197 8,352286
9,996808 2,322760
7,165818 8,039191
-5,530543 0,118094
9,427704 2,155924
-3,613622 0,160236
-5,794413 -1,190728
6,626008 6,697578
9,065030 1,496542
7,590636 6,449131
10,243747 2,151437
-5,200790 -0,394722
10,594184 2,550289
7,061604 5,684766
8,267863 1,774936
9,224228 1,809112
-4,615437 1,485140
6,664258 7,307783
9,034634 6,282720
7,455192 7,166778
8,579482 0,895770
7,759633 7,486526
7,021205 6,802221
-4,039022 0,575509
8,996122 1,152687
-4,294473 1,141241
-5,516927 1,310628
7,402122 6,579043
8,861491 5,473449
10,725314 1,386125
-4,370571 -1,696093
10,558873 1,998757
-4,338681 -0,142979
-4,289878 -2,001580
9,114592 3,450238
7,075272 8,013996
10,535284 1,825147
7,280153 5,522579
7,770506 6,470757
-4,323211 -0,203213
-6,299702 0,670705
8,223205 7,180123
7,956155 5,971094
10,537830 1,979638
-4,960524 -0,512548
6,949340 6,691490
10,036566 1,282203
10,228099 1,404684
9,314290 2,129768
8,408458 6,338328
9,704731 2,059879
8,746824 1,060488
10,599889 1,834889
-6,052743 0,053764
-4,293072 -0,866395
-5,817584 -1,135835
8,731943 7,714285
9,323256 1,783474
10,528248 1,436432
-5,581997 -0,489179
-4,440371 -0,835337
6,956997 7,003724
-4,544819 -0,102580
-4,359225 0,123424
10,203286 1,980390
10,119358 0,486879
8,593692 8,118591
7,026683 7,319040
7,856183 6,666093
8,943306 5,765518
10,334704 0,381790
9,156688 1,631077
7,095727 5,954405
-5,432236 -0,935138
9,371314 2,513131
10,444962 3,223171
9,926210 2,719971
-6,316198 0,196685
7,180670 6,570078
10,057845 2,004550
-4,575790 -0,226839
-5,558516 -0,535654
10,541501 1,071705
7,715510 6,870953
6,410814 6,966895
-4,109559 -0,664479
10,629086 1,017088
-5,011857 -0,618782
-3,444584 0,647987
-5,151944 -0,302010
7,271839 5,228470
7,904477 6,932094
-5,290279 -0,357005
8,108871 7,688391
-5,819746 -0,200033
7,980794 6,141990
6,376819 6,411812
9,264623 5,893193
-4,557124 -0,577554
-4,871848 -0,331458
10,270476 2,113792
-3,991519 -0,283433
9,685849 0,659882
9,904427 0,926678
8,650624 1,621164
-3,608962 0,606009
8,330759 7,227801
-4,825020 -1,879763
8,319246 5,911621
8,252819 6,634651
8,950268 5,610680
7,228644 6,772716
6,778828 6,815628
9,167931 2,738004
7,730694 7,557117
7,706492 6,533869
8,331718 1,594179
-4,707616 1,379205
8,168318 5,997856
-5,219625 -0,242732
-4,151392 0,139724
7,194004 5,986246
5,669516 7,109969
-4,986370 -1,147718
-3,866432 0,753511
7,089653 5,565525
9,904184 1,255234
6,181514 5,931307
6,906682 7,251588
-6,306222 -0,321646
9,465319 1,573398
8,522371 6,239578
9,243400 6,971604
9,525333 1,848128
-5,420763 0,205064
-3,720642 -0,350786
-4,110588 1,198905
7,178965 6,865655
9,882921 0,872192
9,987935 1,249762
5,992103 8,232274
-4,277676 -0,154101
8,895897 6,949794
6,203080 4,774904
8,044294 2,249664
-5,078739 0,032390
10,107647 1,834694
9,362743 1,430827
-4,771999 0,598741
-5,140954 0,100760
6,373739 6,111038
10,220427 3,195867
-5,190851 -0,984590
-4,855748 0,000721
10,039248 2,202414
9,193562 5,958828
8,527338 7,956613
10,259762 0,260410
10,106606 2,018283
7,390310 5,495240
7,497366 5,801606
7,105282 5,834221
6,975536 7,987502
9,687521 1,026851
10,328111 2,537858
9,526455 1,145802
5,685696 6,227395
7,204403 5,908434
-5,149425 0,705115
8,736936 2,173751
-5,043457 -0,024819
9,520630 2,725452
9,040214 1,707570
10,790749 1,601500
6,558955 6,160252
11,383186 1,036657
9,620589 0,454741
7,100149 6,340965
-6,721242 -0,188442
9,833207 1,363751
-4,369710 0,213018
7,713951 6,638089
7,508511 5,664615
-4,410472 -0,500327
7,548511 6,864199
-5,707078 0,162549
6,925174 6,625886
8,593980 5,506213
-4,353309 1,559187
-4,228094 -0,945422
-5,147223 -1,645327
9,831142 1,232292
-4,928246 -1,500208
10,423325 2,456419
6,923306 4,984186
-5,836642 -0,871863
-4,271117 1,341066
9,966196 1,917983
6,810331 7,517037
9,676620 0,873116
8,006829 6,843510
10,513606 2,512499
-4,020959 -0,436124
-6,168600 -1,573160
-5,499332 -0,581628
7,824811 4,700834
9,287427 5,718093
8,297762 5,926184
-5,169214 -0,082621
-3,873797 -0,039795
-4,672851 -0,640086
9,872793 2,740139
-4,003682 -0,218346
-5,523457 0,938920
6,351037 7,212525
9,860412 0,788840
8,597990 1,557865
-5,187860 0,727057
-4,916035 0,603071
-3,302357 0,692904
8,428472 5,942827
9,052479 1,304207
-4,463275 0,849542
-3,773177 -1,204970
-4,848749 -0,945587
-4,728378 -1,447849
6,848644 6,590291
-3,607927 -0,253077
9,895895 3,673827
7,539173 6,284990
8,685066 0,903182
-3,217780 -1,659842
10,050785 0,695767
7,339334 6,373287
-3,273035 -0,318043
9,720209 2,023864
-5,614369 0,043889
9,662117 1,514252
8,723317 2,148628
11,157242 1,856495
7,591254 5,789272
8,135416 8,034567
11,063566 2,157569
9,165493 1,464302
-5,609087 -0,576914
6,048513 6,425653
-3,777638 -0,436431
-6,598131 -1,365967
9,146501 2,833919
10,741273 2,284949
10,492668 1,274686
10,255383 1,712108
9,968722 1,575013
7,245570 5,529253
-3,517191 -1,024206
6,052388 7,599901
-5,507688 0,380212
9,324770 6,953793
-3,698411 -1,297329
7,930546 7,436278
7,421632 6,714191
-4,718748 -1,024188
-4,100719 -0,550475
-6,334760 -0,694656
9,047964 0,590419
7,993165 7,033949
-5,623751 0,350836
-4,903446 -0,750445
8,250975 5,542915
8,621012 1,522840
10,426572 1,115988
-5,034704 -0,083541
-5,507599 -0,920317
7,688110 6,768544
10,490261 1,421460
8,928716 1,668934
9,945176 0,808168
10,500737 2,441988
7,199700 6,861942
9,170829 2,643669
7,281898 6,780971
7,475044 6,335493
10,541110 2,209222
9,743264 1,944874
11,275849 2,714089
9,071857 7,771526
10,258269 2,710847
6,307441 6,885205
-4,238536 0,175095
-4,112411 1,013360
5,771326 6,124828
9,233102 1,732031
-5,158257 -0,150438
-5,647343 0,435646
-6,184011 0,117151
8,371455 6,183278
7,529540 7,805019
7,299953 6,670835
-5,036687 -1,137709
6,413536 7,469655
8,616368 1,672891
7,606461 7,543710
7,831446 7,096961
9,250317 1,243743
9,097173 6,625541
7,084968 6,772637
7,437794 6,134458
10,394949 2,826659
9,875111 1,546797
6,878244 5,506117
9,605767 0,977351
7,485725 5,534104
5,906982 7,355290
7,778901 7,745413
-4,334645 -0,100206
-3,608090 0,926799
-6,676579 0,124426
-4,939340 -0,396975
-6,454392 -0,001560
-6,263373 0,981553
-6,285598 -1,321474
-6,190567 0,944889
-5,205125 0,920218
10,016504 2,116060
6,975367 5,629407
11,675339 0,617885
-3,623217 -0,309124
7,080898 7,481452
9,655264 2,858527
-4,254840 -0,480215
7,223936 7,425377
7,131736 7,266168
10,547541 2,884766
-4,877346 0,094972
7,251085 5,494308
7,209374 5,710322
-4,190947 0,672452
-6,816822 -1,032479
6,329616 6,229664
6,702440 7,063018
-4,841639 0,039028
-4,909075 -1,272170
9,859559 1,364478
7,656400 7,087840
7,439823 7,740334
10,122296 1,499165
9,935605 1,449729
-5,360195 -0,774641
-5,229107 -0,949640
8,856345 2,224830
7,881397 6,909293
-5,353836 -0,062758
7,987538 5,512228
8,083869 0,906604
7,021862 5,102282
-6,328417 0,143434
9,247721 1,517989
-4,431391 -0,553053
9,636115 1,537926
7,359139 6,207852
7,709841 7,087922
10,596032 2,221850
7,568629 6,410559
8,704913 8,117219
-4,404760 0,787947
10,409302 1,603242
-5,264833 -0,760172
10,823355 1,172637
9,042551 1,681739
7,179312 7,283636
10,591635 2,213355
9,555692 0,415041
-4,197245 -0,358985
10,083861 1,450180
8,134585 6,588533
9,717096 0,151956
6,261887 5,256269
8,514059 6,386126
-4,333250 1,464351
11,058323 1,842634
-5,745346 0,507352
8,103638 6,314248
-3,682817 -1,830750
9,061226 1,714891
6,835701 7,020369
9,186559 3,145886
10,573538 2,467348
6,662669 7,120727
8,562996 7,690259
-4,305968 0,855297
8,873882 4,922819
9,475690 1,183124
9,994878 2,656918
-4,199099 0,166992
-5,251224 -0,964874
9,547828 1,249237
-5,180757 1,019452
8,226597 8,229787
9,276657 2,697670
-3,943421 -0,354116
9,285602 2,549001
-5,636364 0,696889
-4,287945 0,283690
-4,793694 -0,701053
-5,482760 0,306383
-4,123509 0,684041
7,008507 6,628386
-4,474486 -0,966105
-5,423596 -0,738649
7,820692 5,732168
-4,494231 -1,196340
7,560839 7,745730
10,059963 2,101150
-5,501707 -0,371030
9,961416 2,335070
-4,400042 0,199518
-4,929450 -0,466197
-5,710359 -1,093147
-4,216703 0,602088
10,074806 1,298685
-5,358686 0,592569
-4,160100 -0,188535
7,193483 6,366226
6,967446 5,084270
-5,824910 -0,231706
-5,054699 -0,138396
-5,421871 -1,428508
7,527259 8,236943
-4,857417 -0,493751
-5,130360 -0,162938
6,582340 6,884700
10,615853 1,535036
7,279722 5,814724
9,255569 2,829295
9,755294 0,932248
8,828356 7,941912
7,060515 5,750360
-4,133846 1,024475
-4,870401 -0,301518
-5,491101 -0,647964
8,185901 2,487318
8,931104 7,623190
8,889743 7,731815
10,101368 2,274946
-4,046824 0,049744
-5,952202 -0,837616
-4,686653 -0,084878
10,509995 0,642883
10,777779 3,063740
-5,016239 -0,373618
9,122118 3,499668
9,567453 2,125126
8,900411 5,118427
8,399720 -0,171120
8,820687 2,188954
10,397738 2,253662
7,524213 6,272272
7,037332 7,135700
-5,665997 -0,902134
-5,171843 0,940153
6,510742 6,493464
-5,836808 -1,914261
-3,924260 0,120184
7,175182 7,686052
-3,721210 -0,560621
8,460938 6,800887
7,906526 8,208801
-4,698077 0,127514
-4,409288 0,059819
10,887013 0,376811
-5,273246 -1,969498
-5,940468 0,362537
6,484964 5,673905
-4,993573 -0,456527
-4,853795 0,412341
-5,518807 0,202027
10,350999 0,646748
-6,243437 -1,973363
8,520803 2,792754
-4,954820 -1,314579
9,654639 1,439839
7,321814 7,141494
6,547578 7,541167
9,191944 6,288998
9,159504 0,485716
-5,564707 -1,397923
6,743880 7,221046
9,880180 1,705356
-4,399702 -0,690401
10,606126 1,215018
7,861973 5,231211
7,701237 7,635919
10,084305 2,291675
9,282870 7,574667
-6,619883 -0,774590
10,660049 1,548192
6,878633 6,112187
-6,260808 -2,100562
9,219917 1,794858
9,360025 0,489070
8,738911 0,469122
7,542773 6,397988
-5,544068 0,553569
8,031823 7,537228
8,038676 7,259761
9,701994 3,125087
9,066767 2,255189
9,596884 1,066628
5,877308 6,681040
9,704843 2,928998
7,819183 6,306160
-5,703483 -1,406802
9,683120 2,394946
-5,530048 0,597571
-5,384778 -0,213800
-6,815828 -1,389443
-3,697741 -0,402420
6,013549 5,542098
9,266954 2,683862
-6,000472 -0,460589
5,855911 5,738056
7,624389 6,814399
11,212521 3,135710
8,221084 6,683590
6,893617 7,932073
-3,283996 -1,084865
9,212134 6,738262
10,988629 3,326966
9,130659 2,343353
-3,193795 -0,611023
9,378421 3,340618
6,940163 7,553232
-4,609362 -1,765826
8,056446 7,596257
-5,916216 -1,497086
9,526159 1,444081
7,803674 7,305829
7,931901 5,419086
-5,917358 0,108583
7,945204 6,567882
10,919302 1,041627
9,188444 2,156817
10,024485 1,433632
10,308527 1,100569
11,066966 -0,044020
-4,861318 0,882258
-4,225897 0,985972
-5,663473 -0,023356
8,817319 0,245039
-4,363463 -0,160920
10,969635 1,835823
-5,511953 -1,074901
7,537625 7,074930
7,452839 6,555543
9,579238 2,868924
-4,074652 -0,062609
-4,403376 -0,515764
9,350148 2,925260
7,407477 7,797763
10,308750 3,415460
-3,113465 -1,002138
10,814482 1,464145
9,569744 2,794385
-6,130502 -1,987493
8,174258 6,783266
-5,901720 -0,087656
10,534830 2,003175
10,201243 0,427791
9,093540 6,214285
9,493543 2,907057
8,516711 5,309663
8,258642 7,474219
8,913314 0,808576
7,100218 7,419061
8,254684 1,401260
7,738323 7,785813
7,929998 7,213701
-4,954933 -0,292499
6,962806 6,975803
8,620381 0,431155
9,192607 6,697953
-6,102789 -0,593294
-4,440908 -0,261687
9,991603 1,560250
9,255752 1,094443
-5,977340 -0,625193
6,095560 6,104197
-4,977781 -1,221782
8,300149 6,041311
-3,905618 -0,350697
8,618310 1,670664
7,810282 7,009942
-4,743862 1,717896
10,232307 1,945743
7,700760 7,060892
7,319697 6,023328
7,193956 6,233875
-6,255266 0,138070
-4,868916 0,864437
8,688858 6,528758
10,848551 1,504593
-4,447218 -0,957829
9,620165 1,931205
10,161627 1,388190
10,206498 1,349623
10,219289 2,729658
7,450839 5,189893
6,363706 6,616358
6,284989 6,705430
7,948085 4,856565
8,463552 0,905680
8,778507 6,227033
7,773727 5,937602
7,082085 5,678720
-4,569530 -0,120354
9,746501 1,461464
8,109710 6,555223
-4,213874 -0,398119
10,964410 0,338497
-5,425777 1,071448
5,933699 7,636842
-4,664527 -0,115668
11,013400 0,487530
9,339952 1,621523
7,519299 7,014424
8,655171 2,582262
8,430262 1,990363
-5,077487 -1,777575
-4,582315 1,591304
10,724232 1,509039
-6,027284 0,623230
6,080960 8,433301
9,028679 6,400807
-4,558289 -0,526027
8,637121 0,153336
8,371598 6,577976
10,380011 1,507733
9,626865 1,015186
8,582979 0,972165
8,118697 7,588714
9,143512 5,275961
7,958247 7,250711
8,158305 7,081389
8,672887 5,667209
8,498619 1,548472
-4,674903 0,860551
7,833929 5,628525
7,650519 6,801978
-6,398356 -0,474750
7,954445 6,722424
9,142293 2,028152
7,364590 5,825804
6,883505 8,126561
11,026278 1,659848
10,064734 1,308626
-4,279488 0,618470
9,069228 2,006784
-5,160562 -0,427978
11,339088 2,326621
8,517407 2,514130
7,108911 8,176358
10,644604 3,314111
-5,972165 -1,384751
7,154552 6,439772
10,634818 2,828259
-5,025660 -0,126298
-4,891688 -1,228058
11,474826 2,035131
8,336502 6,612253
9,522926 2,103260
-4,438464 1,196176
7,122071 5,432903
7,813235 7,808894
-4,809453 -0,481952
6,876649 6,322198
8,853752 5,871102
9,548341 2,107153
-5,924305 -0,267644
6,560513 7,647588
7,030970 5,301788
9,344125 1,690481
7,218287 7,117137
8,249014 6,365197
8,410346 5,141199
9,076270 6,613039
7,375847 5,533252
6,720977 7,886638
-4,833759 -1,006073
-6,006920 0,018570
-4,872488 0,467386
-5,034562 -0,558573
8,938360 7,641081
-3,829811 -0,165149
-4,513815 -0,552259
9,732986 1,079744
8,276409 6,283669
7,280314 8,173509
9,816552 1,257690
-5,503527 -0,384861
-5,432028 1,009677
10,431141 0,531063
10,427870 1,429808
9,678339 0,983340
10,760266 1,028173
9,349902 1,149013
-6,183236 0,795195
-5,459164 0,931570
-4,519574 0,721611
10,288101 0,926728
11,105173 2,499943
-4,327393 -0,524966
7,736770 5,792838
5,891573 6,420339
6,927358 5,811576
-3,282805 -0,334565
9,602456 2,769030
10,345720 0,990000
9,791369 1,718525
8,645673 1,691577
-4,331521 0,472342
7,377644 7,748626
9,406705 2,252278
-5,184307 0,141776
-6,324419 1,473614
8,433776 7,306257
9,764469 1,472790
10,608215 1,376499
11,084856 1,875433
10,658995 2,194563
7,829890 7,446554
-4,457419 -1,676637
8,489270 6,435147
5,902011 7,603169
-4,811564 -0,090388
6,930702 7,988330
8,136035 2,413697
-4,341670 -0,240519
8,593861 1,649063
7,105310 7,559843
-4,867881 -0,575899
9,124938 1,504715
10,344575 3,274258
-5,165568 -0,274276
-5,268572 -1,896460
8,442752 8,130092
7,207718 8,248343
8,887142 0,860108
9,046071 3,060442
9,782660 2,521871
-6,066725 -1,335866
8,987282 0,890472
-6,072363 0,106642
6,326538 4,724191
-5,857135 -1,265370
-3,980078 0,050113
10,770615 1,192556
-4,656501 0,269653
9,834547 2,567767
9,653260 3,243823
9,773988 2,014809
9,510475 1,772966
7,066933 5,625573
6,915977 7,178790
10,057978 1,064911
10,334872 3,002547
7,054286 6,719948
7,946301 6,702058
8,015609 5,786698
-4,622942 -0,126221
9,583585 1,150442
9,056353 1,794013
-3,810216 0,867340
6,963554 5,540549
8,561613 5,727793
6,988730 6,260933
7,772143 7,390196
6,957862 6,590518
9,126705 2,326519
-4,315589 0,873555
-5,330149 1,026768
-5,894656 -1,299138
7,076562 7,572140
7,822373 6,754146
-5,041939 0,632872
-5,297130 0,086340
7,475303 6,496094
-5,717641 -0,505901
-4,732189 0,394237
8,552235 6,799810
9,415082 2,671073
-4,076654 -0,015816
10,079038 0,990533
9,002476 2,037149
6,941571 7,422901
-5,434794 0,829529
11,319820 0,485833
7,731425 6,672431
8,620338 7,448746
10,936922 2,459598
11,297843 3,481555
8,724840 5,250460
7,325700 4,947146
7,469392 6,895267
7,289091 6,283694
11,096214 0,444065
10,179039 2,420135
-4,845782 -0,648308
7,686051 5,397087
9,843605 2,802013
10,700607 0,164358
-5,419361 -1,294003
-5,140104 0,234748
7,129230 7,031594
7,201335 7,610334
9,763917 1,583912
8,951071 6,068503
11,206701 2,325460
7,070879 6,914081
7,599977 6,884938
8,162368 6,975981
-4,363527 1,372862
10,489003 2,401684
9,117146 5,687114
11,430080 2,719214
8,319547 1,522546
-4,716164 0,022819
8,332271 7,270700
6,973250 6,897711
6,779654 5,224005
6,794728 6,193248
-5,599733 -0,498051
8,731281 6,405663
9,218338 3,132940
8,914365 6,549295
10,002058 1,591026
-6,209128 -1,498111
7,414348 6,701537
-6,616389 -1,465562
-6,119908 -1,272444
10,005147 1,777491
9,979384 1,143795
8,108941 6,074462
9,451195 0,518779
9,780309 0,540608
8,972848 1,684305
7,603649 6,195083
-4,617842 -0,235506
-5,129694 -0,943608
10,396144 1,924800
8,986238 1,130698
9,034130 1,423463
7,129499 6,844768
-5,785718 -0,647597
8,109676 5,339173
-4,876046 1,069247
7,885923 6,481310
-5,707493 0,339449
-3,840281 0,051407
-5,580795 0,278717
-4,955359 -0,449288
8,051860 7,381108
-5,710220 -0,980110
-5,962156 -0,950450
6,457782 5,685743
5,931656 6,998270
9,702235 1,553375
-5,300828 0,719961
7,734611 7,780297
-5,563537 0,878785
10,978751 2,333306
-5,996823 0,194505
8,409680 0,394549
7,703084 8,255510
-4,032662 -0,055064
10,418463 1,603868
6,787334 5,988225
9,306914 2,767953
-4,495372 1,346205
-5,015100 0,152207
6,450057 8,269872
10,801425 2,360587
7,569170 6,769156
9,968299 1,790256
9,972632 2,916144
9,609490 0,812022
-5,421200 -1,355580
8,660281 2,147437
10,628500 0,320190
9,740023 0,593683
-6,145339 -0,790290
7,224760 5,933239
11,416960 2,046285
-4,559499 -0,437378
-4,060489 -0,800423
10,240794 0,857681
-3,861634 -0,868166
-5,251847 -0,946681
-5,214119 -0,495460
10,386441 1,569835
9,671134 1,366622
-3,780001 -0,765645
-4,986730 0,624331
8,333356 2,277831
8,476401 7,202484
-5,501738 0,059853
7,872816 7,725413
-5,032751 1,312293
-5,121579 -1,455183
6,921553 6,530835
-4,680654 1,212996
10,705675 0,279941
-5,496279 0,955546
-5,095345 0,386280
-5,762877 -0,951035
10,916072 2,701609
-5,389273 -0,940791
11,451179 3,199131
8,010798 5,555077
9,976581 1,343302
8,969556 7,374685
-4,011162 -0,584903
11,370811 2,812733
10,277574 3,359218
6,772919 6,803574
9,158300 6,549103
8,021573 2,488883
-5,985222 -0,062718
-6,268069 -1,651525
8,005564 5,963114
-4,608186 0,288836
8,850660 5,333605
-6,436266 0,103772
9,788736 1,667308
8,631914 6,810497
-3,788092 0,332865
-5,304117 0,729471
6,850014 5,925509
8,376574 6,439589
-6,703129 0,607466
7,037314 6,803858
-4,358661 0,150266
7,244564 6,566685
-6,188206 -0,276940
10,347735 2,590310
8,018031 8,251668
-4,773327 -0,633109
11,004375 1,994623
-5,402757 -0,679439
8,991160 2,581264
-4,685302 -1,212757
6,363538 5,264000
-6,196383 -0,019008
9,317522 6,272191
-6,595714 0,203325
10,655015 1,638816
-4,065573 -1,677886
-5,436335 -0,748514
9,816542 0,146905
-5,010657 -0,391107
6,330461 6,826336
6,589834 8,084580
10,294385 1,616780
7,067058 8,491996
8,324889 7,237847
9,716217 1,992245
5,991693 6,642945
9,882680 0,839630
7,440292 6,061224
8,172829 1,485861
10,488077 1,053194
8,406009 6,100728
9,933111 0,545086
7,142313 6,924973
-5,144784 1,006945
-4,817214 0,624813
7,718171 6,926193
9,657233 1,236172
7,464648 5,334900
6,473702 6,021446
9,182005 1,280457
7,224950 6,449951
-5,063576 0,072365
6,854315 7,355976
9,527601 0,190963
8,489551 7,204252
10,534408 2,408574
9,872893 1,478619
7,149781 6,165127
10,494388 1,625924
-3,749311 0,170229
7,119531 6,697861
-4,505511 0,082129
9,462850 0,761130
-6,257721 -0,381194
9,096123 1,875742
-5,969461 -1,027604
6,498613 6,794381
6,722083 5,406275
9,504534 1,478967
-4,184818 -0,006450
-5,271512 0,794767
-5,003122 -0,460870
11,247108 0,338303
11,447377 1,354384
-4,674778 -1,121845
-4,093000 -0,764526
10,395893 2,453543
7,188696 7,208074
7,506538 7,093760
7,471603 5,176601
-4,009177 0,084258
9,884524 1,318607
6,457325 5,531937
7,963117 7,577721
10,578735 2,604305
9,440214 1,283755
-4,478887 -0,562390
-5,940523 0,383892
7,905244 6,720855
7,665245 7,549340
-4,526637 0,029163
10,135485 1,239176
9,809877 2,875685
-5,149336 -0,563458
8,443569 1,331322
10,391311 2,269344
8,479177 5,518074
-3,889955 -1,064386
9,573276 1,150693
8,124033 1,184809
8,929950 6,619707
7,909275 7,563798
9,685181 0,972147
8,101460 7,385807
-4,959608 -1,923428
10,614736 1,247303
8,178634 6,709835
8,582727 0,493251
7,342723 6,127973
10,502043 1,663224
10,374489 2,440601
-5,827747 -1,146991
7,722955 7,110622
9,525646 1,907170
6,704265 7,929661
10,383555 3,001998
9,534906 2,473562
-3,476214 -0,851319
-6,025546 1,139742
-6,301171 -0,672312
-4,068191 -0,056278
-4,799345 -0,962869
7,572256 6,081512
-4,459716 -1,042945
7,980746 5,820833
-4,235903 -0,858021
9,377132 1,899379
8,681220 7,853453
-4,092055 0,941426
11,094024 1,434441
8,650342 5,518412
9,777282 0,163079
10,385933 0,136704
8,909335 6,443057
7,151814 8,042441
-4,895890 -0,453660
8,126423 5,467373
8,445950 6,604182
9,966189 1,858487
-4,714900 0,154622
9,956996 1,273977
9,098151 6,697913
10,550736 1,857393
9,348759 2,369445
-5,092889 0,022033
-4,291662 -0,996382
7,922549 7,986902
-4,660530 -1,031900
-5,067462 -0,293733
8,416097 7,150155
-5,605418 -0,037506
7,616727 6,056739
10,172747 1,583573
6,257799 7,114416
8,329502 6,708195
11,343695 3,279600
-6,078595 0,318800
7,787336 6,990192
-3,755943 -1,368597
-6,112019 -1,156880
9,575091 1,447499
10,214409 0,955391
8,963461 1,142484
7,150584 7,012893
6,057576 5,993553
-3,443069 -0,249669
-4,980165 -1,003846
7,668132 4,934046
-5,762996 -0,556692
-5,082734 -0,733051
-4,973430 -0,987943
-5,352625 -1,215472
7,941057 8,384815
7,890319 8,077769
10,816573 2,428784
7,136763 7,207938
6,480874 6,829223
-3,643942 1,239671
7,730040 6,296015
-5,089888 -0,591006
8,129454 1,270547
10,370476 2,069490
7,371278 7,220457
8,729318 1,729122
-5,901880 0,743899
10,594897 2,171517
8,437045 6,711446
-5,750617 -0,070874
-5,521473 -0,779687
7,082553 7,780903
9,178447 1,700016
9,421062 1,371918
-5,401639 -1,471482
10,245137 1,728348
-4,952572 -0,316991
9,926040 2,426514
8,004801 2,081142
-5,636148 -0,127594
7,294441 5,449892
8,568795 1,421452
9,535097 1,176328
-3,764542 -0,426693
-4,185597 0,167384
5,976638 6,399765
9,073057 2,129636
9,015906 5,683323
9,434161 0,572369
-5,198777 -1,230476
8,660745 1,922858
-3,830470 0,154379
6,886519 5,702585
7,548306 5,925363
9,567058 2,785306
10,985655 3,401425
-6,326944 -0,711041
9,351785 0,624234
-6,162587 0,521879
-4,240266 1,481204
9,544492 3,247976
11,490557 0,950924
7,591367 6,415839
-4,949074 0,632145
8,456740 6,739162
-5,821072 -1,804975
-5,361019 -0,912833
7,946663 7,300075
-3,257840 1,516518
7,720537 5,805637
8,267349 7,151280
8,830671 2,540637
9,453755 1,693678
7,844267 5,062190
9,416251 0,315692
7,075874 6,233768
10,692983 0,343667
8,790421 2,313500
-5,922736 -0,197194
6,651184 7,257955
9,799472 0,339720
6,044108 5,387004
-5,921707 -1,096160
-4,562600 0,506841
9,637004 0,390459
-5,097517 -1,913420
8,692017 6,510288
7,770347 7,911698
-5,230559 -0,645818
7,193040 8,172420
-4,186984 -0,096553
7,933968 7,596225
-5,769381 -0,844295
-4,372544 1,009171
10,608558 1,576845
9,014878 7,661620
-4,759722 -0,015013
-4,479518 -0,603737
11,247024 2,785731
-6,545918 -1,374180
8,962100 2,791431
10,124936 0,105169
8,166272 6,773233
10,952230 1,392028
8,411339 7,762012
7,388533 5,037456
-4,681039 -2,037484
9,521117 3,251718
7,752597 7,272466
7,814853 6,322068
-5,603300 -0,166357
7,047271 6,609684
-5,286456 -0,360575
8,663909 1,726984
-5,440717 0,576731
6,723856 7,502043
8,343238 2,563665
8,444579 5,286375
7,396046 7,424299
7,859451 5,774430
9,557240 1,037767
-5,739563 -1,901010
6,708521 8,063679
9,815997 1,282928
-3,518530 0,830764
6,862873 7,061903
-4,958779 0,572546
9,726917 2,005637
-3,563605 -0,304744
-4,455196 -0,609841
9,651107 1,664363
10,679872 0,692770
7,493293 6,294938
8,356496 6,860392
10,095526 0,639240
8,413331 1,862715
7,356515 7,898958
9,454254 0,757377
7,727933 7,282476
-4,974247 0,960975
7,400169 6,993493
9,172504 0,351237
7,140409 5,699721
9,719633 0,454603
-5,004935 0,161533
11,109333 3,278516
-4,220512 0,025100
8,457309 2,497097
7,589354 5,902487
-3,752707 -0,785049
6,766949 6,068374
9,746014 1,044677
-3,608437 -1,209366
9,832353 1,427145
9,096397 2,584204
9,159216 5,577013
8,526332 6,617623
7,399555 6,842257
-5,149630 0,114079
7,268174 6,356336
9,529510 1,674617
8,580636 7,661408
8,529561 2,492182
7,722261 7,680335
5,765553 6,053231
11,039819 3,413149
-3,390093 0,397625
-5,681015 -0,835785
-6,128682 -0,986418
7,149881 6,354796
7,749792 6,941131
7,998631 8,467391
-4,563636 -1,280526
-5,545823 -0,590256
7,911296 7,096335
11,307199 1,830021
7,062447 6,489168
6,979017 7,827084
9,513057 1,321688
8,100841 6,507757
-4,403298 0,557580
7,624917 4,747272
-4,083141 -0,247787
-3,318934 0,210555
10,454337 2,641854
-3,406883 0,176692
-4,795299 -0,246784
8,920309 0,341578
10,140612 1,435498
-4,850277 -0,049352
8,397201 2,217523
8,234734 6,216160
-4,264857 -1,191111
6,340085 7,267204
6,851563 5,946935
9,332117 2,904250
-5,108010 -0,948969
10,047040 2,478403
-6,413096 0,185989
9,973568 1,358976
10,007296 1,647694
-4,462803 0,046800
-5,012674 0,135820
10,210412 1,446791
9,605395 1,460693
10,650593 2,728387
7,546270 7,165377
6,562791 6,649684
8,308595 5,434884
8,860459 6,064502
-5,227466 -0,130900
-5,216134 -0,848281
8,545208 6,789855
9,319635 0,970657
9,378203 1,871521
-4,444341 -0,628595
10,159668 2,316063
9,257330 1,315768
8,949318 2,233105
-5,951443 0,445190
-5,171808 -1,501806
10,537760 1,620617
6,526711 7,206320
8,283711 5,696530
-4,505653 -0,231683
-5,416767 -1,019167
-5,186379 -0,106501
10,792212 3,071834
-5,915922 -0,492512
7,683399 7,723553
6,401475 6,725243
7,136854 5,826569
6,093542 5,942920
-5,972813 -1,744853
7,627228 7,377158
8,264259 5,621643
10,181933 2,173618
10,927700 2,281456
-3,462944 0,564440
-5,261215 -1,157976
8,172543 6,420874
8,570923 6,700598
-4,470284 -0,925081
-5,106137 0,826028
6,861497 7,845929
-6,238422 0,469315
-4,331746 -1,281241
9,351610 3,478398
-5,237217 1,111105
10,618471 1,487390
-4,840569 -1,520941
5,973051 6,817280
8,158503 5,236022
7,260868 6,177548
-5,332344 0,515817
5,905910 5,006038
-3,029293 -0,175679
-4,437036 -0,426989
10,471436 2,049727
7,552572 7,613766
7,738342 6,733772
9,061272 1,968301
8,413637 2,222614
-6,502535 -0,924881
7,481532 6,839590
6,581895 7,900627
-4,265548 -0,345424
11,378015 0,392651
8,613988 6,774457
-6,185612 -0,311607
8,461205 2,741918
9,375914 0,950926
11,198062 2,072805
7,099592 6,855060
-4,638775 -0,357785
-4,158825 0,645029
10,544362 0,818676
8,793863 1,764854
-5,016234 -0,871317
-5,386145 -1,911869
11,245580 1,635432
9,368889 3,368453
6,473726 5,487304
7,955385 6,381605
8,710506 1,320144
9,021524 0,237674
-4,292247 -0,374491
10,049752 2,371386
8,194213 7,269849
6,651162 7,337911
8,615502 7,620832
6,125854 7,141692
-5,913585 -0,283131
7,994373 7,928341
-6,003894 -1,311801
10,052962 2,302325
-5,415676 -2,015091
-5,195762 0,854970
-4,234765 -0,154672
-5,097340 1,208874
-4,874604 -0,032827
7,192567 7,921289
9,219966 1,910106
9,796655 2,956797
-5,250608 -1,292823
-4,895775 -0,179730
-5,311345 -0,522134
7,701189 5,059862
-3,863103 0,146446
-5,112696 -1,126243
8,928319 0,654350
7,849891 6,619066
7,111917 6,158078
7,932660 7,375776
7,780964 7,238713
-5,804594 0,004416
9,775397 0,873689
8,288646 6,764209
-6,142744 -0,509693
-4,848433 -0,579470
9,508319 1,428141
-5,296767 -1,544900
10,268710 -0,042945
9,063019 7,359726
-5,105408 1,371490
-3,051046 -1,491550
8,438469 5,773799
-4,897886 -0,158885
-4,228130 -0,774368
9,754718 0,533646
9,170000 0,845746
-4,677113 -0,652512
6,515966 6,838085
-5,649437 0,339301
10,065345 1,890964
8,629091 2,095960
8,446230 7,607647
10,793770 1,714818
-4,790719 0,609745
7,438074 6,040166
-6,395630 -1,213498
-3,962443 -0,202505
7,478857 6,844807
-5,121612 -1,373469
9,150612 0,707705
-3,823642 0,204444
8,828750 2,406430
6,797695 7,443809
9,791898 0,651996
-6,178085 0,381392
10,639945 0,839498
8,815052 7,649688
-4,461461 0,590463
10,104184 1,251858
6,788743 7,035413
7,167844 5,791078
9,832215 2,825924
-4,844766 0,988847
-3,295008 -0,095351
-5,673375 -0,560167
-5,796509 0,638676
10,526338 0,862999
6,348050 6,420435
-4,572831 1,185389
8,650108 8,059009
8,423238 6,438369
-6,246131 0,910968
7,286912 6,695667
8,569840 7,356614
7,377875 6,139005
9,751924 2,614905
8,857729 0,964843
7,255455 6,004894
-3,013448 -0,100654
10,494138 0,708143
7,130720 7,931286
-3,314620 0,321437
9,224601 0,644212
-5,990520 0,091496
10,351676 0,078563
-5,360672 0,142377
10,132296 2,511893
10,642275 2,303649
-4,082691 -0,030911
10,144984 1,841015
7,953908 6,632427
9,596672 -0,043638
-5,004717 -0,709548
9,666390 1,768730
10,379292 2,084891
8,322813 1,668282
-5,217900 0,612499
9,498241 2,811060
8,736386 7,512456
9,954923 1,738716
-4,334927 0,122121
6,852736 6,238242
7,577914 5,983184
9,968529 3,105677
9,365077 0,456566
10,666798 1,126954
5,888996 6,950634
7,139307 6,910539
-3,952572 0,166581
8,036197 6,302259
10,494369 0,394232
10,129156 2,876654
9,963710 1,186030
-6,321974 0,294205
8,957991 2,750991
9,178589 2,365109
9,372502 2,644782
11,020989 1,497996
-4,375058 -0,015721
10,859923 -0,166726
9,189987 0,658480
10,376193 0,045819
9,716706 1,823807
8,863323 2,229314
6,945518 6,950275
7,590622 6,058083
10,667904 1,811555
6,357300 7,796508
-4,920181 -0,551356
9,829530 2,771649
9,363073 1,316807
9,139079 7,554092
7,147095 7,332379
9,410648 1,903643
-4,855444 1,139166
10,030465 1,773955
10,765201 1,225536
7,635286 5,205762
7,450984 8,440948
9,774625 3,049717
7,595141 5,845016
-3,681483 -0,164039
-3,886929 0,002483
-5,069608 -0,352140
8,492153 0,764199
-5,722440 -0,224371
9,180341 2,457785
10,651671 2,261088
10,023068 1,886452
-4,897073 0,649048
8,489545 6,855113
-5,274234 -1,007114
10,394298 0,752798
11,140521 1,936713
-3,812957 0,325184
9,622388 2,090191
8,738058 2,330285
7,091560 5,191863
8,557502 0,494393
-3,530762 -0,487018
-4,953488 -1,571194
-4,814087 -0,805314
8,724362 6,485640
11,307889 1,944924
-6,449874 -0,864698
-4,681683 -0,827972
-4,475708 -0,799428
-5,211826 -1,225929
9,914266 1,993036
7,651618 7,158491
7,277999 7,882539
8,713215 2,953982
-3,970545 0,743142
7,070476 5,827455
10,289027 0,759096
10,776276 3,036651
9,340938 2,187962
8,229215 2,189949
-3,920360 0,048790
-5,684883 1,369991
10,399332 1,350584
7,376118 6,430949
-5,962381 0,205231
9,292938 2,810661
-6,294778 -0,946185
8,486929 5,502714
7,514505 6,928961
9,565938 2,419683
7,624208 6,914279
9,499080 2,614147
6,586309 8,123969
7,341506 6,628335
11,530662 3,011237
11,432576 2,285585
8,939901 1,892810
7,376356 6,629287
9,911051 2,722453
-3,982022 0,174463
6,151385 7,108433
-6,507305 0,086524
11,085953 0,970845
10,490589 1,477125
8,194568 6,138512
-5,029972 -0,655033
9,226732 1,766460
7,596459 7,660144
-4,231038 -0,304795
10,167857 1,804051
10,004048 2,641200
-4,971028 0,711381
-5,239928 -0,305425
6,655438 6,794052
-5,323999 0,795117
7,282904 6,824660
10,259816 3,365570
-3,793898 0,256686
-4,785165 -1,312817
10,214582 1,865606
-5,318360 0,311392
8,062045 5,418429
9,846211 3,072576
10,187386 1,073743
6,784906 6,987694
9,203240 1,707116
7,072523 6,740397
-5,715216 -0,790153
-5,167941 -0,883420
6,146031 6,301694
9,185918 1,421162
8,807385 0,071138
-5,464219 -1,885498
8,566561 6,864222
8,217536 7,417742
-5,851992 -1,095062
8,826429 6,606953
8,111451 2,004351
9,061971 7,000801
9,439275 2,658666
9,272735 6,167193
8,663750 0,635810
9,734598 1,822697
8,693123 5,971490
-4,125238 -2,025267
10,644511 1,118174
6,942146 7,501128
9,413919 1,864783
-4,608240 0,569402
9,281972 1,276832
6,128377 7,177098
-4,194354 -0,364028
7,594940 7,335688
9,287388 2,333095
-4,665667 0,603909
9,774803 2,545952
-5,058704 1,356215
-4,089925 0,861960
-5,445671 -0,039463
7,612317 6,702120
-5,505958 0,293895
6,245512 6,970440
9,433394 0,193332
8,100533 7,323538
7,876769 6,496769
-5,064786 -0,231937
-4,960156 -0,770248
8,856497 6,976942
6,554252 5,315224
7,582345 6,461246
10,529526 1,853710
7,750931 6,579659
7,655010 7,147233
7,941111 7,165349
-3,997495 -1,078275
11,545713 2,158800
-5,106462 -0,058330
-4,914791 -1,760850
-4,629748 1,168214
-5,306153 -0,522460
6,711007 5,119332
9,971264 1,553252
6,993317 6,704234
-6,606873 -0,919293
-5,220772 -0,032222
10,718425 2,754453
10,248669 0,032902
9,940283 2,723773
7,228540 7,264192
9,986979 2,921513
10,895414 1,786323
-6,459963 -0,655565
-3,865254 0,000992
-3,214348 0,547374
8,709887 0,617519
10,275925 0,758001
8,522121 6,812095
10,367362 1,978810
11,564321 0,629590
-6,438904 -0,576405
9,531041 1,494037
-5,495476 -0,141921
10,631662 1,697692
9,642132 1,676627
6,622980 6,830618
7,215042 5,462947
-4,718104 0,713796
-6,000345 1,243193
7,656132 6,439972
11,272080 1,228309
-4,154809 1,035614
7,646721 7,075708
7,484283 5,439501
6,047609 8,516536
8,008630 6,192496
9,373931 2,097496
9,630492 2,831731
-4,240772 -0,580823
10,674034 2,203949
10,342865 0,286882
-5,220889 0,529186
9,158197 2,348260
9,833121 2,054361
-3,836917 -1,151904
-3,345556 -0,121828
-5,069282 0,095672
9,522721 1,658614
7,815460 6,714446
10,823736 2,341802
8,085725 7,567882
7,025693 6,747745
-5,261737 0,303182
8,797509 6,762712
7,507319 5,795434
8,854532 8,032939
9,096524 1,324358
9,545165 0,504144
7,485129 5,990022
7,024432 7,991065
7,825847 6,923403
-5,077979 0,119259
10,992349 1,964170
-5,763486 -0,365743
-3,903242 -1,260356
-4,316805 0,004489
7,298993 7,286073
9,878151 0,768267
6,565518 6,199924
10,819747 1,677553
-6,018899 -1,425833
-4,734002 0,520766
-5,528118 0,315056
6,338431 7,362849
-4,329216 -0,963454
6,966363 6,262642
5,936017 7,003105
8,720482 1,989815
-3,471823 0,724691
9,162925 1,963280
8,336929 6,110834
7,897164 7,999109
10,672128 0,138762
-4,125879 1,052291
5,977868 7,587716
-3,855343 -0,317636
9,547757 2,622354
11,062807 2,942172
8,742889 5,210147
10,816195 0,290321
10,498083 2,058998
11,200022 1,981696
7,597748 5,413548
-4,276529 -1,111583
5,981410 6,145423
-5,905111 0,055640
-5,900066 -0,802994
-5,986888 -0,104819
9,875900 1,391944
-5,300816 -0,390649
-5,181297 0,570758
7,774302 7,069495
-4,165481 -0,632772
-3,902565 -0,687282
8,435071 6,937218
-5,086867 0,391554
7,825215 7,403194
-4,615958 -0,419604
10,473292 0,606641
11,169708 2,155906
8,922530 2,314963
-4,078385 -1,709848
6,466576 6,534606
-4,894519 0,967301
-5,876628 -1,314111
8,263785 7,090537
9,970361 0,567128
7,700325 6,802791
-4,172622 -1,353061
-5,768893 -0,928475
9,340320 0,339648
7,381000 5,044020
8,501630 2,477258
8,941894 4,760521
-5,697293 -0,039381
10,156636 1,908947
7,052858 7,155217
-4,341058 -1,170102
-3,903830 0,156380
-4,764827 -1,290115
-3,393092 -1,200653
6,820969 7,434250
11,595512 2,507938
9,883714 1,473693
6,733171 7,397731
6,047346 7,041557
6,962146 7,051149
7,165400 8,238735
7,938417 8,265113
7,045462 7,132847
-4,806326 -0,029394
7,391374 6,549332
8,990134 0,644608
8,509555 1,211538
8,693620 3,508407
-3,825503 -0,843562
8,099969 6,407171
11,205838 3,000502
6,036870 5,876281
-4,423247 0,504577
-4,848250 -1,153684
6,475412 5,348968
11,113859 0,790195
6,758955 6,668761
11,422277 0,345771
8,443948 6,330789
9,646980 0,839694
10,218746 2,918307
8,886470 6,686517
-4,667384 -1,391208
-4,052881 0,331810
9,970871 0,723173
10,657523 1,746029
6,185064 5,749085
9,395644 0,492143
9,688721 0,694339
10,680647 0,391613
9,125029 2,087526
5,918481 5,778193
-4,320236 -0,499377
-4,515077 -0,947643
6,673677 6,276090
-5,247183 -0,534074
-6,095232 -0,856330
10,749893 0,558374
10,427062 2,249003
-6,137507 0,305612
-3,935310 0,047008
9,343955 1,497494
7,796330 6,515388
-5,844778 -1,762905
7,614621 6,733196
-5,177138 -0,463228
-4,723445 -0,257423
-3,311952 1,517410
8,903801 0,677317
-4,550891 0,294873
10,951519 1,201714
-4,141174 -1,217930
-6,468545 -1,466843
9,068786 1,063606
-6,372292 -0,739780
-4,181879 0,803529
10,973357 2,391934
9,152498 0,464631
7,361358 6,974884
-4,553163 -1,073942
9,634120 2,059099
10,085862 1,929205
9,557523 2,419727
6,425045 5,654220
-5,335049 1,122285
6,151359 5,927564
-6,041473 0,904537
-5,159691 0,739978
-6,418708 -0,518968
7,654114 6,624892
7,552942 7,593477
-4,484990 -0,863572
9,144421 1,090715
11,631260 2,508365
9,395482 6,337802
11,028171 3,374486
10,516141 2,146953
9,957343 0,828805
7,132698 5,948967
10,346583 2,260668
8,124931 3,215466
7,544656 5,879538
-4,170976 -0,125059
8,491908 6,616235
7,852318 8,354446
6,969537 6,736169
-4,528193 -0,548084
7,871893 7,828386
7,107655 5,241477
-3,281322 0,186572
9,314098 2,503844
8,780849 1,053009
7,058505 6,500217
9,816600 1,753955
-5,559902 -0,185275
10,334865 1,609444
6,940032 6,097309
9,954055 0,765673
7,833011 7,283244
-4,493529 -0,036779
10,969881 0,379955
-3,835260 0,325538
7,693267 7,482346
7,344553 8,071298
-5,461527 -0,698957
-5,344943 0,398717
8,318781 5,418726
8,635002 5,624746
8,025552 7,449538
10,460259 2,496399
-6,306071 -0,259566
-5,391161 0,407039
-5,434345 0,424693
8,887028 0,830307
-5,883999 -0,422955
-5,008850 -0,019676
8,872027 2,775171
-3,900562 0,594710
7,536100 6,775882
7,449497 7,429772
5,838456 6,182835
7,328073 5,129385
-5,821974 -0,360565
-5,277307 0,925117
6,869969 6,353406
9,909130 1,731709
-4,167227 -0,518662
7,788694 5,369170
7,044827 8,176831
-4,391638 0,232445
7,104740 6,639996
-4,636897 -0,687092
8,682166 7,636499
8,091237 6,093496
10,938582 2,222337
7,846081 7,173938
9,544372 1,617793
-4,734909 -0,720285
8,914817 6,197804
10,272959 1,915902
-5,589890 -0,983237
-4,757986 -0,873356
-5,592706 -0,052255
9,792406 1,952753
-5,923590 0,723673
9,673936 1,596510
8,851689 1,326511
10,281776 0,751861
-4,991050 1,357112
-5,746371 -0,936022
10,547108 1,913914
-4,875701 -2,042687
-4,988617 -1,589785
10,629954 1,260752
9,040903 1,932947
-5,569091 -0,839207
8,002018 7,792136
-3,951791 -1,224849
7,203898 7,351401
10,416879 0,140027
-4,765901 -0,081047
8,581367 6,167468
6,999360 5,505347
-4,747449 0,208702
8,100305 7,156932
7,741831 5,544133
-4,179392 1,356071
-6,406222 1,097795
8,445173 6,363727
-5,694321 -0,776036
10,413430 0,134185
9,040909 7,284807
8,004184 6,684805
10,576262 1,807791
6,866382 8,007955
9,690364 1,304261
-4,561779 -0,387221
7,989097 7,573349
-5,150236 -0,568487
6,689375 5,375305
-3,589955 0,198931
8,051067 6,887754
6,839573 7,642055
8,981186 1,714686
-4,086349 -1,442496
10,211735 3,482882
7,829616 5,324144
-5,060619 0,768846
6,640689 6,938189
-4,986636 -0,202487
6,723095 8,263214
8,045108 6,643954
-6,708629 -1,316239
7,753540 5,607943
-6,646570 0,251846
7,213600 7,120060
9,062212 0,865604
10,234259 1,510132
8,285267 1,370671
-4,164344 -1,003344
7,888565 5,315818
-5,334893 -0,954287
7,595870 5,595002
9,759213 1,481947
6,272093 6,627202
-4,775184 -0,527037
8,685378 7,108017
8,310734 7,599919
7,503616 7,040367
10,059518 1,424658
8,354700 5,743828
8,692600 7,111003
9,507145 0,875115
7,703642 5,877605
6,101130 5,307714
9,704312 1,289418
-4,643457 1,015507
10,825247 1,971148
9,958357 2,501036
8,277298 5,150592
9,094084 1,019427
-6,509293 0,965120
8,864255 2,091579
-4,796822 -0,826515
-5,184376 0,466538
6,593331 6,447704
7,802458 7,433507
6,917455 7,440278
6,454129 6,577736
9,616826 1,747105
-3,394042 -0,904440
9,867538 1,338794
-4,535321 -0,085785
9,767549 0,067314
6,470267 6,624463
9,068409 2,797730
7,558597 6,204280
7,832517 6,299683
10,531777 1,273885
-3,611188 0,903158
9,962628 0,609154
11,092394 1,675132
8,235124 5,505129
6,560310 5,528687
-5,727252 -0,255910
10,709439 0,726480
9,314183 1,696570
9,778268 0,258174
-4,819116 0,050093
7,643889 7,685126
9,269049 0,434849
-3,828982 -0,515674
7,261084 6,990320
7,338079 5,808538
8,438945 7,119937
-5,452334 0,055425
7,431566 5,500671
-6,455699 1,088311
10,407886 1,975567
-3,934977 -0,086757
8,012940 6,933372
8,164916 7,169005
-6,552202 -1,201562
-4,493654 0,656247
-6,163490 1,382129
8,592499 1,564189
7,139670 7,940717
-4,349233 -0,932315
-5,331889 -0,724030
6,875009 5,152068
9,960750 1,086076
9,846811 2,863581
10,479733 1,603467
7,600263 7,864739
9,696728 0,938231
11,425191 0,737839
6,758075 7,200426
9,997373 1,595222
-5,423169 -1,106954
-5,617426 -1,210295
-5,390524 -0,587694
10,006886 1,708438
11,503212 2,214010
8,735497 1,057426
-4,662514 -0,968209
11,268209 3,530519
-5,034206 -0,027111
-4,951002 -1,070384
9,479979 0,305711
-5,365932 -1,084255
6,488291 5,809526
9,266084 0,769892
6,751642 7,629662
7,808640 5,743633
9,680660 0,613635
-4,142740 -1,751554
-3,412646 0,014305
-6,145630 -1,065064
6,594087 6,565692
8,275689 7,587390
-5,687807 -0,476636
-5,033061 1,166972
-4,603554 -0,804528
-4,700891 -1,465504
-4,870671 1,004941
7,726606 8,157090
7,775292 7,203648
-6,339786 -0,288629
9,605176 1,315543
10,343239 1,047653
7,870483 6,808554
-5,787029 0,313675
-3,496135 1,220891
6,494213 6,109531
7,945674 6,618331
8,246263 6,365026
-3,778020 0,360912
9,776730 0,739904
-4,495495 -0,687036
-5,227153 0,220558
10,134196 1,605628
-5,351925 -0,613020
6,530912 5,237491
9,178531 1,760431
9,937818 0,900514
-5,300031 -1,220604
-4,048968 -0,620807
6,475854 6,343677
10,006721 2,245281
7,643798 5,751833
10,033488 2,219081
7,438111 6,584300
6,966894 6,396758
7,201213 6,395049
-5,945835 -0,026553
-6,172085 0,243635
6,548388 5,601296
6,499114 6,297246
9,488344 1,073563
9,805746 0,288837
10,445489 2,736137
10,657873 3,125494
9,799014 1,341349
-3,331907 -0,163954
-5,083737 0,712448
8,185256 2,049793
6,633410 7,846573
-5,023687 -1,649395
-5,150523 -0,646215
-6,101623 -1,380585
10,137104 1,458724
7,387945 6,015276
9,968224 1,391950
-4,480795 0,515372
6,629295 6,765020
9,971054 1,015670
6,726181 6,466507
9,982546 1,613052
8,487636 7,095134
8,504417 6,544419
10,829306 1,582178
-4,041117 -0,137315
8,968109 7,180190
10,888451 1,321963
-5,356246 0,714492
-4,833143 1,610504
9,044854 2,131528
10,113015 1,812834
9,680221 2,244853
11,286372 2,076433
9,510093 1,241164
8,117141 5,222700
11,054424 2,459439
9,976977 0,982690
-3,747479 0,299697
8,661172 6,360337
6,248210 6,885340
7,578142 6,534924
6,807297 6,575920
-5,102513 -1,230159
9,755265 2,151233
9,051168 7,301783
-5,206926 -0,062956
7,379220 6,825714
-5,127273 -0,258109
11,282022 2,632263
6,860832 5,866950
11,332344 2,424394
9,578187 0,289461
7,246062 7,137238
-4,880222 -0,838903
8,720147 0,272945
8,456697 7,644006
10,151920 2,163687
-5,655182 1,153884
-6,012412 -0,263581
10,485064 2,536814
10,980070 2,216896
7,146846 5,829354
-4,413904 1,449122
9,023743 6,111070
-3,798651 -0,449852
10,617842 0,354846
7,325737 7,129349
-4,386829 -0,111313
9,336427 1,598555
9,023063 6,472606
7,113811 5,216954
10,621610 1,119502
8,357412 2,760942
8,652784 5,485573
6,630970 5,495529
-5,087984 -0,174810
11,047897 1,194036
-4,328079 0,948704
-5,671811 0,194448
7,009731 5,428791
7,530726 7,137185
10,293114 3,283388
-4,928183 -1,223802
8,121717 6,766993
7,305289 7,983087
10,246602 0,005410
-4,534070 0,588446
9,963143 0,802922
10,802399 1,652446
5,640112 5,291127
-4,911735 -0,301282
8,760189 7,357626
10,213515 0,911766
-5,971094 -0,013238
-4,686188 -1,262756
7,722195 6,809463
-4,518513 0,425039
-4,021930 0,949191
8,966490 7,639185
-4,409446 -0,653410
7,599998 7,082898
10,579103 2,602914
7,475175 5,805341
8,005502 6,379813
-6,747914 0,308111
-4,455330 -0,131903
-5,561142 0,515621
-5,203007 0,930363
8,263707 6,685272
-6,402128 -0,912021
8,381040 7,485287
9,414824 0,077038
6,863686 6,956331
9,839689 1,347113
8,614386 3,000143
10,150192 2,813178
9,694845 1,750316
8,733871 2,390619
-4,243083 0,582093
-4,645439 -1,120337
10,443681 2,300273
-5,176060 0,420074
7,115878 5,808989
-4,144628 -0,714231
6,590764 6,150601
-5,527747 0,004621
7,964616 6,876978
9,825639 2,522338
8,050648 7,292694
-4,321986 0,985645
9,215473 2,639430
7,482045 7,859150
9,892942 0,089666
-4,731601 -0,843272
-5,054422 0,814543
-4,974865 0,301049
-4,771012 -0,085085
-6,323323 -1,297240
6,288471 5,804961
-5,013946 -0,078111
10,239292 2,385261
9,102543 2,759226
7,225596 5,866293
9,279429 1,577346
9,900684 1,909400
7,181880 5,803565
8,177787 7,214760
7,163861 6,386900
7,967836 5,016576
10,642523 2,433839
10,398853 1,641333
10,009794 1,853184
-4,653325 1,029483
9,131434 2,482221
-6,040799 0,016743
7,279534 6,568134
9,867356 0,279561
8,384661 5,541351
6,137533 6,095769
11,436452 2,596366
7,918636 6,757879
-4,861266 0,432623
9,093580 2,063061
8,222109 0,488917
-3,845783 -1,767784
-4,996134 -0,144748
8,696773 1,651194
10,254074 0,014859
-5,073075 -0,414460
9,210936 2,846001
7,688862 7,018153
5,903026 5,766711
9,656723 0,334958
-5,258697 0,138055
8,398498 7,376422
7,712231 6,286890
-4,472568 1,543325
9,416597 2,421905
-4,013928 -0,545077
-5,966207 -0,440664
6,696130 6,744309
6,885806 7,908155
8,424086 1,380420
8,107359 5,930770
-5,692509 -0,477852
7,821678 7,155554
10,741192 2,565049
6,926935 8,038653
8,100584 6,668798
7,869978 2,022176
7,736948 5,127850
9,386868 1,428361
8,377394 6,390632
7,113747 6,101585
-4,036341 -1,207761
-5,019015 -0,524136
11,327461 2,802180
7,870202 6,314540
10,854283 1,718802
-4,034324 0,466112
10,115898 1,953455
8,129840 8,153280
-5,668778 -0,507851
7,297088 7,817597
9,983078 2,160062
9,442189 2,865987
-4,134348 -1,634124
7,189628 7,323736
-5,794265 -0,237525
-5,613162 0,085275
10,402736 2,111119
-4,824429 0,125868
9,305617 2,339835
9,044934 6,319982
10,357917 0,779869
9,060400 6,193747
9,036764 6,139315
8,191060 6,296103
10,029129 2,291242
6,238926 5,533526
6,073852 7,945045
8,360049 2,995935
7,089654 5,329135
10,287323 2,024214
7,195102 6,992478
8,528269 1,101917
-4,479027 -0,411934
-3,865141 0,704244
-4,676077 -0,700702
8,872402 6,866921
8,745217 2,800692
8,544590 1,348476
9,322319 6,931109
-6,354262 -1,208405
7,683054 6,003295
8,770303 5,089817
8,337089 2,224590
6,576501 6,275093
9,477026 0,760242
-5,195713 -0,679630
11,462659 2,112796
8,848736 6,783914
8,954157 1,201473
9,536950 2,597455
9,151865 1,933604
8,735599 7,288136
-3,916253 -1,214413
8,474148 1,643906
9,142889 2,598670
9,851986 3,142600
9,652483 0,811669
-4,364553 -0,082241
-4,998350 1,468867
-5,555825 0,911080
7,898636 7,386651
9,851413 0,899291
8,354394 7,536150
-4,326944 -0,185878
6,143230 6,845606
-3,788069 0,400394
-4,247103 -0,321447
7,261992 6,898536
7,251310 6,346749
10,760861 1,389948
6,586341 5,713838
-4,944504 -1,665681
7,651414 6,106083
-4,390245 -0,166819
10,870111 0,763111
-5,170771 -0,491228
7,408828 7,638660
9,502004 0,857982
-5,146995 -0,079005
-3,969897 0,247411
8,831803 6,217668
9,553172 2,173362
9,585843 2,704152
10,479707 2,218218
-5,522453 -0,998630
9,534338 7,153625
6,731916 7,092925
6,353185 5,284445
-4,879518 -0,410860
7,390534 6,477696
11,044847 0,372063
-5,405139 -0,969671
-6,618394 0,858116
9,258516 1,217782
10,211061 0,757084
9,594106 1,406282
10,878331 3,058635
6,275886 6,605005
-6,174553 -0,827232
-3,317931 -0,260480
9,701092 3,094028
7,677419 5,749699
-5,040459 1,205310
8,373549 1,835577
-4,608304 0,224460
-3,862736 -0,207723
10,184314 1,297272
-3,710805 -1,048083
8,083295 7,950082
-4,642658 -0,923127
10,428232 -0,071039
-5,320685 -0,277305
-5,069913 -0,923728
9,171133 0,990103
11,339915 1,884212
8,495027 1,398769
-5,066479 -1,234965
10,159434 3,666746
-5,476830 -0,615859
10,762028 -0,012412
7,484382 7,433935
6,548401 6,464719
-6,337975 -0,491383
-4,652246 1,203869
-6,612633 -1,025097
-5,808709 -0,828359
-5,709618 -0,437079
9,890021 2,621451
9,903274 1,094551
8,749670 2,780000
9,444244 1,648648
-6,688906 -0,377589
-6,140285 0,931208
8,109854 6,306263
-5,345268 0,176963
8,401398 2,752589
9,953692 1,437743
10,908800 2,018499
10,381418 2,521848
10,547871 1,663631
11,196624 1,751660
9,124003 2,926735
-3,808240 -1,143431
8,247114 1,848070
-4,014187 -1,008586
6,967553 7,123171
5,678216 6,238463
-5,713956 -0,223926
7,578145 8,228213
8,206071 6,349704
-4,702540 0,523363
6,234469 5,808038
7,885064 7,475742
8,429330 6,832019
-5,495413 0,800728
9,978724 1,258276
10,049087 1,029034
10,396793 2,743037
10,486653 0,121582
10,719980 0,692402
6,098985 4,884561
10,488828 2,178165
7,516085 6,411580
7,036476 6,783632
-4,765968 -0,201727
-4,327005 -0,276610
-5,855886 0,278052
11,028151 0,988715
-4,067814 -0,818321
-6,565892 -0,341555
-4,011789 -0,227532
8,155314 0,701415
8,738873 2,008950
8,692578 3,192715
8,508777 2,112503
9,375876 1,280849
10,181959 2,932705
9,924207 1,094319
9,150501 6,943289
7,489918 8,533136
7,629937 6,267376
-5,054862 -1,825372
-6,243585 -0,505639
7,346041 7,534706
8,665521 5,776648
9,533717 1,929481
7,220900 7,327663
-5,500147 0,294567
10,342742 1,549089
11,564795 0,912030
8,601273 7,054123
11,562370 2,851816
11,323168 2,077459
8,644293 6,608719
9,928150 1,245979
10,515570 1,807281
8,952640 2,503836
10,380999 1,939483
8,001493 7,581873
9,717057 2,016339
-5,032398 -0,953603
10,914673 2,179148
7,245046 5,752034
9,853662 3,192108
8,880435 6,110029
9,980201 1,031266
11,155534 1,748008
9,975971 2,114049
-5,870257 -0,121952
9,444051 5,489381
-3,408027 0,313817
-4,654871 0,439661
-4,233302 -0,006816
10,420019 1,059989
9,405611 1,750469
7,796045 6,765119
10,418732 1,821458
6,962584 6,909658
-4,495991 -1,070888
11,065617 2,254479
9,714226 2,203046
-4,705123 0,766626
-4,648886 -0,072898
-4,817425 0,034185
-6,140814 -1,180176
-5,129799 0,364509
-5,872134 -0,609960
9,666708 2,411629
10,492148 2,550096
10,128977 1,242232
8,893518 2,565785
7,000616 6,403263
-5,150910 -1,050710
7,789759 6,326358
9,335454 0,625103
6,553349 6,921810
-5,369988 -0,432355
10,879280 1,495705
9,080507 0,637969
-3,524251 -0,364996
8,004337 6,016331
-4,952489 -1,243288
8,624235 0,821564
5,821207 6,842090
6,327835 6,227984
-5,491134 -0,856909
9,556855 2,136844
6,295153 6,669633
7,091537 4,846386
10,214331 2,281191
10,180703 -0,146053
7,665986 7,496292
-5,265641 -0,076768
9,714518 1,530120
7,054447 8,222674
8,664685 3,106092
-4,284511 -0,973422
7,193494 6,240092
-6,440529 -0,468295
6,737299 5,996848
8,520786 6,718100
-6,320652 0,756055
-4,530995 -0,288244
10,511445 1,143020
5,905827 6,254171
11,046889 3,170511
8,404849 8,148635
10,034051 2,431490
8,917529 2,564337
7,637568 5,442078
11,475631 1,595324
9,710014 1,831439
7,952993 7,136729
8,289628 2,776392
-3,717343 -0,721611
9,917485 0,701167
-3,200185 0,444301
-4,606476 0,920092
9,671601 0,137974
7,859692 6,747186
-5,484786 0,080922
7,239253 8,191701
-4,699210 0,898757
10,040879 1,371110
7,194318 7,047343
10,423348 3,182551
7,647234 6,304381
-4,875059 1,061089
8,211632 7,373373
8,820971 7,825353
10,642707 3,130799
9,429739 1,819810
-4,453877 -0,793325
9,781429 1,723950
7,382244 7,869806
7,360136 7,286108
-5,076106 -0,948692
-5,989145 -0,098113
-5,129971 0,390261
-5,459105 1,142284
-5,325044 0,449128
7,433029 6,644158
7,632313 7,292987
7,551334 5,853611
9,506250 0,355830
-5,377749 -0,924693
-4,142592 -1,671166
7,933373 8,213919
9,438145 1,104348
-5,364183 -0,419669
8,605730 1,332089
-5,058170 -1,187348
9,092542 0,963566
8,703887 7,111556
-3,710609 -0,764142
9,938266 1,506628
7,686944 7,314858
-5,069060 -0,509583
7,262388 6,937312
10,955675 1,491832
-6,356767 0,502900
6,542562 8,058584
-4,663779 -1,870791
8,419458 2,096124
-4,603711 0,995777
7,143929 6,717267
-3,684874 -0,269508
-4,495599 0,420281
9,120072 1,463504
11,248973 1,395045
7,973428 6,102689
9,847666 2,302653
-5,289307 0,643450
-4,279391 0,011044
9,380869 1,608951
7,947971 7,984391
8,118639 1,021395
10,652660 2,431500
11,228782 1,151822
-3,566787 -0,168660
7,775542 5,185485
9,065685 1,039891
8,766740 0,959005
7,885582 7,604104
-4,381261 0,053881
8,292923 6,276860
8,925997 6,154231
-5,279684 0,000922
7,375182 6,546945
9,588417 1,408619
-6,040206 0,895345
10,939741 1,561639
8,305180 1,230811
10,647190 2,172463
6,083273 6,758623
10,705574 -0,166132
7,594555 6,428049
-4,153706 -0,257956
9,124135 3,402094
5,720972 6,007020
-6,271318 -1,021650
-5,876687 0,203479
-4,143805 1,219394
9,903063 1,722181
6,108154 7,496019
9,409417 1,682933
7,655629 8,010013
7,877384 4,942277
10,786909 2,644961
-5,174918 -0,358964
8,904615 3,334270
7,326273 6,294885
-5,858542 -0,752829
7,792625 5,706774
7,557034 6,243736
8,401173 5,419552
-5,428677 0,112685
8,604457 6,634559
-3,997352 0,010304
8,540886 6,865828
-4,909853 -0,897350
8,015673 6,142869
-5,695795 0,603144
8,205239 5,748257
9,440797 2,932965
-5,653517 -1,854928
10,813385 1,999298
9,067949 1,548976
-5,408577 0,890144
10,472904 1,809275
-5,012145 0,649540
-3,758974 0,385775
-5,481313 -0,524289
7,571416 6,902373
-4,217358 -0,916533
-4,824237 -0,146498
10,263374 1,404921
9,164139 2,267291
-4,948774 -1,958344
-4,691855 -0,431858
8,805932 3,094877
8,300263 2,538611
8,798902 5,872347
9,825372 2,458658
-5,543338 -1,236776
-3,369015 -1,007840
9,197354 2,662863
-4,792845 0,081852
10,399949 1,524262
11,267258 1,530380
7,115899 7,448575
-4,620194 0,729486
8,215660 6,416760
10,107086 1,987153
8,699521 7,150439
-5,717478 0,986458
-4,755337 -0,320195
6,389117 6,652637
9,341836 0,489643
8,597633 7,267341
9,600580 1,030079
7,940342 7,027712
8,819891 2,359188
-4,743440 1,648052
-4,399036 -1,767098
9,212564 1,904640
7,796041 6,360143
-4,264780 -0,249045
-5,022520 -1,251748
8,853448 1,358283
-5,109820 0,161980
-3,807275 -0,962985
-5,577717 -0,490964
9,815040 0,760863
9,865791 1,562458
7,958315 7,571031
-3,534575 -0,437585
-5,173251 1,058617
6,997054 7,761704
8,140271 1,837848
-3,827128 0,761675
-6,083031 0,407293
8,997707 5,936996
8,580151 7,525694
7,800496 7,300984
10,286820 2,529819
-4,840595 1,198388
8,415789 2,766598
8,770592 2,686458
9,556328 1,320093
10,700521 2,054171
7,891549 7,419080
