0,566216 6,533070
-0,573211 5,904880
0,436609 6,318135
0,371057 5,463945
-0,343930 7,007775
3,117976 -2,118144
-0,189878 5,196802
4,748365 -1,874056
-0,975680 6,490187
2,849778 -1,416135
-0,600622 5,311967
4,748365 -1,874056
4,806573 -0,912770
3,332642 -1,444745
-0,684865 4,747233
0,096369 5,750548
-0,405601 5,170343
2,697117 -1,417890
2,826277 -1,783009
3,375803 -1,934455
-0,206966 6,174478
4,427711 -0,704278
-0,639212 4,837258
4,265386 -1,307772
0,582576 5,342167
0,426961 5,680476
2,826277 -1,783009
-0,296935 5,599257
4,658523 -0,784550
-0,693257 6,834792
0,279930 5,606600
4,994855 -1,524057
4,232817 -1,343123
4,431023 -2,022726
-0,114933 6,039270
-0,181501 5,753324
0,750695 4,622872
-0,291868 6,084382
3,817565 -1,657334
2,802291 -1,017489
-0,703908 5,834167
4,466283 -1,778659
0,052434 5,183039
0,222805 6,471032
2,624083 -0,889634
-0,593722 6,387815
-0,571451 5,382008
-1,197570 6,072616
3,219295 -1,610658
4,170298 -1,008439
-0,462584 5,171001
2,531409 -0,248144
3,144139 -0,331320
-0,564400 5,498260
-0,262303 5,058212
4,679328 -2,242123
-0,468073 4,310584
3,776330 -2,123329
4,231706 -1,130691
3,992031 -1,410772
3,852534 -0,507144
0,244184 5,473948
0,205945 5,748715
-0,243774 6,121216
4,994855 -1,524057
2,849778 -1,416135
3,722626 -1,829261
-0,600452 5,478751
3,167280 -0,860228
-0,343643 6,126970
0,417324 4,567255
3,701893 -2,248303
4,139867 -2,277503
-1,454465 6,428871
-0,029495 7,091024
0,764580 5,337718
0,699173 6,903003
3,959300 -1,293144
-0,916855 5,377779
3,614309 -1,123588
3,820936 -1,431900
-0,646705 5,767996
-1,205438 4,960959
-1,423223 6,227539
-0,091763 5,597263
-0,329254 6,146289
3,698904 -1,209793
3,320049 -2,340428
0,036166 5,433231
0,018357 5,290065
3,956756 -1,676914
0,439797 6,174110
-0,029495 7,091024
-0,027447 6,036355
-0,881401 5,615515
-0,400772 5,554645
2,781883 -0,203711
4,894132 -0,967305
3,792498 -1,252951
-1,595670 5,106876
0,090042 -1,735726
-0,013624 0,041493
-1,517185 -1,245948